4.314138e-04  1.079427e-04  5.011179e-02  1.321429e+00  4.268420e-01  4.886718e-02  7.476421e+00  1.365864e+07  1.716832e+02  9.012760e-05  1.348600e+04  6.743900e+04  9.301400e+04  5.331700e+04  1.149700e+04  6.539700e+04  2.011481e-01  2.104130e+00  2.093849e+00  1.466376e+00
4.314138e-04  1.079427e-04  5.011179e-02  1.321429e+00  4.268420e-01  4.886718e-02  7.476421e+00  1.396288e+07  4.270469e+02  1.003046e-04  3.241200e+04  7.850000e+02  9.383100e+04  9.400800e+04  3.231400e+04  3.569500e+04  1.962993e-01  1.783378e+00  1.993082e+00  1.324253e+00
4.314138e-04  1.079427e-04  5.011179e-02  1.321429e+00  4.268420e-01  4.886718e-02  7.476421e+00  1.267775e+07  6.839700e+02  6.406360e-05  6.383500e+04  5.194700e+04  1.397900e+04  6.508800e+04  3.018400e+04  7.101100e+04  1.825923e-01  1.193531e+00  8.558742e-01  7.439991e-01
4.314138e-04  1.079427e-04  5.011179e-02  1.321429e+00  4.268420e-01  4.886718e-02  7.476421e+00  7.787554e+06  5.699781e+02  5.686386e-05  9.730100e+04  7.104400e+04  3.614100e+04  2.934100e+04  1.558400e+04  3.421100e+04  2.003121e-01  1.502887e+00  1.099398e+00  9.341991e-01
4.314138e-04  1.079427e-04  5.011179e-02  1.321429e+00  4.268420e-01  4.886718e-02  7.476421e+00  8.173195e+06  5.624391e+02  1.475129e-04  5.249700e+04  8.898600e+04  7.909000e+04  2.693600e+04  4.063900e+04  9.835600e+04  1.943921e-01  2.575350e+00  2.279784e+00  1.683175e+00
4.314138e-04  1.079427e-04  5.011179e-02  1.321429e+00  4.268420e-01  4.886718e-02  7.476421e+00  1.010922e+07  2.455324e+02  9.563088e-05  7.996000e+04  6.656000e+04  6.523100e+04  9.806900e+04  9.821300e+04  3.510700e+04  1.909497e-01  1.596112e+00  1.029414e+00  9.388255e-01
4.314138e-04  1.079427e-04  5.011179e-02  1.321429e+00  4.268420e-01  4.886718e-02  7.476421e+00  9.453273e+06  7.715679e+02  5.367098e-05  8.972300e+04  3.187400e+04  3.414200e+04  6.595600e+04  9.603600e+04  2.081200e+04  1.966918e-01  1.388658e+00  1.534006e+00  1.039785e+00
4.314138e-04  1.079427e-04  5.011179e-02  1.321429e+00  4.268420e-01  4.886718e-02  7.476421e+00  1.207600e+07  2.955393e+02  1.235246e-04  4.118000e+04  1.020000e+04  1.454200e+04  6.426500e+04  3.249900e+04  8.229200e+04  1.678648e-01  1.346546e-01  3.802342e-01  2.275845e-01
4.314138e-04  1.079427e-04  5.011179e-02  1.321429e+00  4.268420e-01  4.886718e-02  7.476421e+00  7.423653e+06  7.620358e+02  8.112565e-05  4.100000e+04  5.992600e+04  4.760400e+04  8.267200e+04  3.874900e+04  7.266000e+04  2.039990e-01  1.537176e+00  1.420713e+00  1.053963e+00
4.314138e-04  1.079427e-04  5.011179e-02  1.321429e+00  4.268420e-01  4.886718e-02  7.476421e+00  9.614042e+06  2.360400e+02  1.183999e-04  9.986900e+04  8.445900e+04  9.079100e+04  9.819000e+03  7.662400e+04  9.653600e+04  2.049817e-01  2.274536e+00  2.248024e+00  1.575847e+00
4.314138e-04  1.079427e-04  5.011179e-02  1.321429e+00  4.268420e-01  4.886718e-02  7.476421e+00  8.500958e+06  7.525148e+02  1.236365e-04  6.759600e+04  8.795800e+04  9.114100e+04  8.411500e+04  3.167400e+04  2.194300e+04  1.816329e-01  6.022201e-01  4.278487e-02  2.755460e-01
4.314138e-04  1.079427e-04  5.011179e-02  1.321429e+00  4.268420e-01  4.886718e-02  7.476421e+00  9.561378e+06  5.692882e+02  7.517343e-05  4.432300e+04  6.220000e+04  9.799900e+04  4.841500e+04  3.782000e+03  1.526600e+04  1.795391e-01  8.165049e-01  4.674245e-01  4.878228e-01
4.314138e-04  1.079427e-04  5.011179e-02  1.321429e+00  4.268420e-01  4.886718e-02  7.476421e+00  1.377023e+07  2.064032e+02  1.470314e-04  1.855700e+04  9.495300e+04  2.638900e+04  1.577600e+04  4.784100e+04  2.994000e+04  1.982492e-01  1.154756e+00  8.059506e-01  7.196520e-01
4.314138e-04  1.079427e-04  5.011179e-02  1.321429e+00  4.268420e-01  4.886718e-02  7.476421e+00  9.577536e+06  6.687691e+02  5.238001e-05  2.204600e+04  8.954700e+04  6.222300e+04  4.530000e+04  2.327800e+04  9.275300e+04  2.049217e-01  1.062066e+00  5.604517e-01  6.091463e-01
4.314138e-04  1.079427e-04  5.011179e-02  1.321429e+00  4.268420e-01  4.886718e-02  7.476421e+00  1.196053e+07  4.760889e+02  6.031527e-05  7.303000e+04  8.608200e+04  2.904100e+04  2.788500e+04  3.592800e+04  5.984200e+04  1.782247e-01  5.262507e-01  4.555013e-01  3.866589e-01
4.314138e-04  1.079427e-04  5.011179e-02  1.321429e+00  4.268420e-01  4.886718e-02  7.476421e+00  7.383293e+06  9.407354e+02  8.282771e-05  2.389100e+04  7.246900e+04  3.819500e+04  1.527200e+04  4.316500e+04  8.672500e+04  1.810586e-01  6.938344e-01  1.723966e-01  3.490965e-01
4.314138e-04  1.079427e-04  5.011179e-02  1.321429e+00  4.268420e-01  4.886718e-02  7.476421e+00  8.977660e+06  4.899480e+02  1.013784e-04  8.676100e+04  1.388500e+04  2.842500e+04  4.686600e+04  8.276000e+03  1.702200e+04  1.761960e-01  4.981305e-01  1.219626e-02  2.288409e-01
4.314138e-04  1.079427e-04  5.011179e-02  1.321429e+00  4.268420e-01  4.886718e-02  7.476421e+00  5.894138e+06  9.018821e+01  1.451332e-04  1.446200e+04  7.644400e+04  2.470800e+04  3.523200e+04  2.295000e+04  4.470100e+04  2.042465e-01  2.296566e+00  2.771506e+00  1.757440e+00
4.314138e-04  1.079427e-04  5.011179e-02  1.321429e+00  4.268420e-01  4.886718e-02  7.476421e+00  8.045829e+06  6.983269e+02  8.572399e-05  7.850400e+04  6.413600e+04  3.278800e+04  3.124000e+04  6.071600e+04  2.231600e+04  1.947610e-01  1.668606e+00  1.184608e+00  1.015992e+00
4.314138e-04  1.079427e-04  5.011179e-02  1.321429e+00  4.268420e-01  4.886718e-02  7.476421e+00  5.913270e+06  7.184055e+01  7.888491e-05  4.932200e+04  8.809700e+04  3.993500e+04  3.137700e+04  3.073300e+04  6.538200e+04  1.964448e-01  1.798315e+00  1.881762e+00  1.292174e+00
4.314138e-04  1.079427e-04  5.011179e-02  1.321429e+00  4.268420e-01  4.886718e-02  7.476421e+00  1.168203e+07  6.549677e+02  1.165401e-04  8.356000e+03  6.431800e+04  5.963800e+04  8.854500e+04  8.471700e+04  8.467300e+04  1.792450e-01  1.307295e+00  9.008864e-01  7.958088e-01
4.314138e-04  1.079427e-04  5.011179e-02  1.321429e+00  4.268420e-01  4.886718e-02  7.476421e+00  7.282842e+06  1.147610e+02  7.361674e-05  6.733800e+04  2.778600e+04  2.873500e+04  9.899500e+04  1.468400e+04  7.526000e+03  1.864389e-01  1.874416e+00  1.618390e+00  1.226415e+00
4.314138e-04  1.079427e-04  5.011179e-02  1.321429e+00  4.268420e-01  4.886718e-02  7.476421e+00  1.412163e+07  9.645681e+02  6.016731e-05  6.667000e+03  1.895900e+04  7.307400e+04  1.504000e+04  1.216800e+04  9.459800e+04  2.288020e-01  6.190254e+00  4.227411e+00  3.548822e+00
4.314138e-04  1.079427e-04  5.011179e-02  1.321429e+00  4.268420e-01  4.886718e-02  7.476421e+00  6.000470e+06  9.520744e+02  1.268521e-04  6.814800e+04  8.328600e+04  7.620000e+04  3.300800e+04  8.738400e+04  4.917400e+04  1.944539e-01  1.104322e+00  3.436789e-01  5.474850e-01
4.314138e-04  1.079427e-04  5.011179e-02  1.321429e+00  4.268420e-01  4.886718e-02  7.476421e+00  9.343425e+06  1.427282e+02  1.453298e-04  1.987000e+03  9.967300e+04  2.031000e+03  3.689800e+04  7.397300e+04  2.437100e+04  2.039433e-01  2.256046e+00  2.893509e+00  1.784499e+00
4.314138e-04  1.079427e-04  5.011179e-02  1.321429e+00  4.268420e-01  4.886718e-02  7.476421e+00  1.352781e+07  7.999459e+02  1.077709e-04  5.162800e+04  4.726400e+04  9.843100e+04  4.295900e+04  1.125300e+04  5.493900e+04  2.217185e-01  5.050993e+00  8.519696e+01  3.015656e+01
4.314138e-04  1.079427e-04  5.011179e-02  1.321429e+00  4.268420e-01  4.886718e-02  7.476421e+00  1.260144e+07  3.018424e+02  5.341474e-05  9.710900e+04  6.937700e+04  7.285100e+04  1.363600e+04  6.309100e+04  4.941000e+04  1.949475e-01  1.791858e+00  1.469782e+00  1.152196e+00
4.314138e-04  1.079427e-04  5.011179e-02  1.321429e+00  4.268420e-01  4.886718e-02  7.476421e+00  6.455639e+06  2.246669e+02  6.010224e-05  8.460000e+03  1.876100e+04  1.700100e+04  3.007100e+04  8.125200e+04  8.027400e+04  2.089844e-01  2.605771e+00  2.207709e+00  1.674155e+00
4.314138e-04  1.079427e-04  5.011179e-02  1.321429e+00  4.268420e-01  4.886718e-02  7.476421e+00  8.851512e+06  1.564080e+02  6.260842e-05  8.841500e+04  4.009500e+04  8.604100e+04  1.019900e+04  7.035100e+04  7.027900e+04  1.996199e-01  8.418695e-01  6.146956e-01  5.520617e-01
4.314138e-04  1.079427e-04  5.011179e-02  1.321429e+00  4.268420e-01  4.886718e-02  7.476421e+00  1.497724e+07  5.994895e+02  1.258851e-04  7.505700e+04  8.740000e+02  5.712200e+04  4.986000e+04  2.656300e+04  4.141200e+04  1.977387e-01  1.476805e+00  1.113366e+00  9.293032e-01
4.314138e-04  1.079427e-04  5.011179e-02  1.321429e+00  4.268420e-01  4.886718e-02  7.476421e+00  1.197062e+07  5.747024e+02  1.154596e-04  1.661100e+04  9.682700e+04  3.347100e+04  6.418000e+03  2.120100e+04  1.990100e+04  1.758217e-01  6.437413e-01  2.690010e-01  3.628547e-01
4.314138e-04  1.079427e-04  5.011179e-02  1.321429e+00  4.268420e-01  4.886718e-02  7.476421e+00  7.282804e+06  5.832938e+02  1.158301e-04  7.923600e+04  4.414100e+04  3.496300e+04  8.647900e+04  6.810100e+04  2.674300e+04  2.004583e-01  7.350629e-01  5.104486e-01  4.819899e-01
4.314138e-04  1.079427e-04  5.011179e-02  1.321429e+00  4.268420e-01  4.886718e-02  7.476421e+00  1.112708e+07  9.888767e+02  9.831086e-05  7.122500e+04  5.486200e+04  9.691900e+04  6.112900e+04  6.341000e+04  9.087200e+04  1.756353e-01  3.690275e-01  1.319615e-01  2.255414e-01
4.314138e-04  1.079427e-04  5.011179e-02  1.321429e+00  4.268420e-01  4.886718e-02  7.476421e+00  7.084475e+06  6.459580e+02  1.053966e-04  8.205300e+04  7.528200e+04  6.330900e+04  8.810200e+04  1.639100e+04  3.940400e+04  1.869850e-01  1.101793e+00  6.355450e-01  6.414412e-01
4.314138e-04  1.079427e-04  5.011179e-02  1.321429e+00  4.268420e-01  4.886718e-02  7.476421e+00  5.448834e+06  4.326002e+02  8.278635e-05  5.200700e+04  3.814000e+04  3.593400e+04  5.298400e+04  1.389900e+04  7.508000e+04  2.131526e-01  2.411185e+00  1.997823e+00  1.540720e+00
4.314138e-04  1.079427e-04  5.011179e-02  1.321429e+00  4.268420e-01  4.886718e-02  7.476421e+00  7.722834e+06  4.954006e+01  7.906940e-05  4.597500e+04  2.229500e+04  4.260000e+02  6.155700e+04  2.889800e+04  4.586000e+03  2.153150e-01  2.862481e+00  2.287346e+00  1.788380e+00
4.314138e-04  1.079427e-04  5.011179e-02  1.321429e+00  4.268420e-01  4.886718e-02  7.476421e+00  1.131913e+07  4.594824e+02  7.147947e-05  7.409100e+04  5.068600e+04  7.620200e+04  9.808500e+04  1.691400e+04  9.797400e+04  2.112729e-01  1.634624e+00  1.769430e+00  1.205109e+00
4.314138e-04  1.079427e-04  5.011179e-02  1.321429e+00  4.268420e-01  4.886718e-02  7.476421e+00  1.102901e+07  6.205612e+01  1.338573e-04  2.207200e+04  6.234800e+04  3.760800e+04  8.992000e+03  3.470000e+02  3.619300e+04  2.021940e-01  2.804307e+00  2.280035e+00  1.762179e+00
4.314138e-04  1.079427e-04  5.011179e-02  1.321429e+00  4.268420e-01  4.886718e-02  7.476421e+00  1.279874e+07  1.251013e+02  1.132480e-04  6.372100e+04  5.472400e+04  1.588500e+04  1.870300e+04  7.623100e+04  5.306400e+04  2.148904e-01  2.969377e+00  3.021678e+00  2.068649e+00
4.314138e-04  1.079427e-04  5.011179e-02  1.321429e+00  4.268420e-01  4.886718e-02  7.476421e+00  5.407104e+06  3.128672e+02  6.716075e-05  3.114000e+04  6.903000e+04  5.604700e+04  8.749800e+04  1.518000e+04  1.626700e+04  1.884243e-01  8.518955e-01  6.477558e-01  5.626919e-01
4.314138e-04  1.079427e-04  5.011179e-02  1.321429e+00  4.268420e-01  4.886718e-02  7.476421e+00  1.108086e+07  6.099563e+02  8.477092e-05  4.732000e+04  5.052400e+04  4.667100e+04  7.484200e+04  2.365900e+04  1.399800e+04  1.964463e-01  2.410634e+00  2.099873e+00  1.568985e+00
4.314138e-04  1.079427e-04  5.011179e-02  1.321429e+00  4.268420e-01  4.886718e-02  7.476421e+00  6.614745e+06  6.222983e+02  5.710596e-05  1.747700e+04  7.349100e+04  8.326600e+04  6.173000e+03  1.292200e+04  8.172300e+04  1.857581e-01  1.152687e+00  8.070917e-01  7.151788e-01
4.314138e-04  1.079427e-04  5.011179e-02  1.321429e+00  4.268420e-01  4.886718e-02  7.476421e+00  5.354218e+06  8.598654e+02  7.221682e-05  8.373900e+04  4.161500e+04  3.667000e+03  1.532600e+04  2.124000e+03  1.316100e+04  1.715453e-01  2.806840e-01  1.816532e-01  2.112941e-01
4.314138e-04  1.079427e-04  5.011179e-02  1.321429e+00  4.268420e-01  4.886718e-02  7.476421e+00  5.121498e+06  9.680715e+02  9.798225e-05  8.957800e+04  5.449300e+04  8.134100e+04  6.481500e+04  4.037200e+04  5.935200e+04  1.878442e-01  8.667252e-01  4.682085e-01  5.075927e-01
4.314138e-04  1.079427e-04  5.011179e-02  1.321429e+00  4.268420e-01  4.886718e-02  7.476421e+00  1.170703e+07  6.900626e+02  5.830155e-05  1.984700e+04  2.509300e+04  5.438100e+04  7.482000e+03  9.900400e+04  7.051700e+04  1.830020e-01  4.171638e-01  1.113944e-01  2.371868e-01
4.314138e-04  1.079427e-04  5.011179e-02  1.321429e+00  4.268420e-01  4.886718e-02  7.476421e+00  1.233643e+07  4.284118e+02  1.124896e-04  6.486400e+04  3.213700e+04  2.112100e+04  9.728600e+04  7.751200e+04  1.119300e+04  1.957478e-01  1.573941e+00  1.018550e+00  9.294127e-01
4.314138e-04  1.079427e-04  5.011179e-02  1.321429e+00  4.268420e-01  4.886718e-02  7.476421e+00  5.933289e+06  3.302686e+02  9.726315e-05  5.416100e+04  9.066800e+04  4.786000e+03  4.557600e+04  3.591700e+04  9.256500e+04  1.882810e-01  1.268036e+00  1.168558e+00  8.749581e-01
4.314138e-04  1.079427e-04  5.011179e-02  1.321429e+00  4.268420e-01  4.886718e-02  7.476421e+00  8.314007e+06  2.686716e+02  1.133121e-04  8.969400e+04  6.453900e+04  7.395000e+03  7.697000e+04  4.916500e+04  7.206000e+04  1.883314e-01  1.711150e+00  1.335180e+00  1.078221e+00
4.314138e-04  1.079427e-04  5.011179e-02  1.321429e+00  4.268420e-01  4.886718e-02  7.476421e+00  5.492097e+06  7.798387e+02  1.104551e-04  5.668500e+04  2.167000e+04  3.828000e+03  4.478800e+04  5.180000e+04  5.183200e+04  2.042241e-01  1.740408e+00  1.281825e+00  1.075486e+00
4.314138e-04  1.079427e-04  5.011179e-02  1.321429e+00  4.268420e-01  4.886718e-02  7.476421e+00  7.283060e+06  5.496420e+02  8.104544e-05  4.818500e+04  8.299500e+04  7.195500e+04  6.705400e+04  4.628700e+04  5.391600e+04  2.026829e-01  1.162321e+00  6.113306e-01  6.587780e-01
4.314138e-04  1.079427e-04  5.011179e-02  1.321429e+00  4.268420e-01  4.886718e-02  7.476421e+00  1.498073e+07  1.044526e+01  5.424271e-05  5.165700e+04  6.522200e+04  7.317000e+04  6.055900e+04  5.319000e+04  4.264800e+04  2.205802e-01  3.057552e+00  4.343904e+00  2.540679e+00
4.314138e-04  1.079427e-04  5.011179e-02  1.321429e+00  4.268420e-01  4.886718e-02  7.476421e+00  1.499173e+07  3.169417e+02  1.105222e-04  6.248400e+04  7.082600e+04  3.145000e+04  8.558500e+04  2.309800e+04  9.444100e+04  2.115971e-01  3.221094e+00  3.421123e+00  2.284605e+00
4.314138e-04  1.079427e-04  5.011179e-02  1.321429e+00  4.268420e-01  4.886718e-02  7.476421e+00  8.014837e+06  9.999842e+02  5.625764e-05  2.600200e+04  6.854200e+04  8.875700e+04  9.783200e+04  7.914500e+04  4.001100e+04  1.805259e-01  1.214514e-01  3.025156e-01  2.014976e-01
4.314138e-04  1.079427e-04  5.011179e-02  1.321429e+00  4.268420e-01  4.886718e-02  7.476421e+00  1.419560e+07  1.513676e+01  6.276157e-05  5.269500e+04  7.635500e+04  2.491400e+04  5.952600e+04  5.602500e+04  9.532000e+04  2.024151e-01  2.632885e+00  2.627997e+00  1.821099e+00
4.314138e-04  1.079427e-04  5.011179e-02  1.321429e+00  4.268420e-01  4.886718e-02  7.476421e+00  5.014361e+06  5.375567e+02  5.546953e-05  7.666000e+03  7.389600e+04  5.850600e+04  4.715800e+04  5.590800e+04  8.557900e+04  2.109094e-01  3.565874e+00  5.470670e+01  1.949449e+01
4.314138e-04  1.079427e-04  5.011179e-02  1.321429e+00  4.268420e-01  4.886718e-02  7.476421e+00  1.497390e+07  5.132596e+02  5.393458e-05  2.390000e+02  8.645000e+04  9.658200e+04  9.120800e+04  4.973400e+04  4.071100e+04  1.971103e-01  2.745281e+00  2.831044e+00  1.924478e+00
4.314138e-04  1.079427e-04  5.011179e-02  1.321429e+00  4.268420e-01  4.886718e-02  7.476421e+00  9.963790e+06  9.984504e+02  1.295094e-04  9.027600e+04  1.462600e+04  5.422100e+04  4.155100e+04  1.640600e+04  9.603500e+04  1.993419e-01  1.602559e+00  1.391890e+00  1.064597e+00
4.314138e-04  1.079427e-04  5.011179e-02  1.321429e+00  4.268420e-01  4.886718e-02  7.476421e+00  1.457053e+07  9.938055e+02  6.993059e-05  8.667200e+04  5.908300e+04  6.081200e+04  9.731700e+04  2.427000e+04  1.602800e+04  1.786688e-01  5.218510e-01  4.033935e-02  2.469530e-01
4.314138e-04  1.079427e-04  5.011179e-02  1.321429e+00  4.268420e-01  4.886718e-02  7.476421e+00  1.016224e+07  3.341671e+02  1.289758e-04  3.496200e+04  9.563900e+04  1.104200e+04  7.753800e+04  7.591000e+03  9.253000e+04  2.278645e-01  4.142603e+00  4.099192e+00  2.823220e+00
4.314138e-04  1.079427e-04  5.011179e-02  1.321429e+00  4.268420e-01  4.886718e-02  7.476421e+00  7.520281e+06  4.194251e+02  7.655801e-05  1.876600e+04  4.231500e+04  3.196200e+04  3.946000e+03  7.552100e+04  9.130400e+04  1.918558e-01  5.916645e-01  1.082269e-01  2.972490e-01
4.314138e-04  1.079427e-04  5.011179e-02  1.321429e+00  4.268420e-01  4.886718e-02  7.476421e+00  5.002100e+06  1.090965e+01  5.872011e-05  5.686200e+04  2.789700e+04  1.717200e+04  9.490300e+04  8.327900e+04  2.785500e+04  2.453070e-01  6.192432e+00  9.328641e+00  5.255460e+00
4.314138e-04  1.079427e-04  5.011179e-02  1.321429e+00  4.268420e-01  4.886718e-02  7.476421e+00  1.201315e+07  2.368093e+02  1.397203e-04  4.385600e+04  1.066100e+04  4.156400e+04  9.603600e+04  6.803400e+04  8.330000e+02  2.128288e-01  2.473465e+00  2.169232e+00  1.618509e+00
4.314138e-04  1.079427e-04  5.011179e-02  1.321429e+00  4.268420e-01  4.886718e-02  7.476421e+00  5.013996e+06  3.759661e+02  9.054827e-05  8.123300e+04  3.574000e+04  4.900600e+04  1.340100e+04  5.593500e+04  5.158400e+04  1.662960e-01  8.578374e-01  2.611987e-01  4.284440e-01
4.314138e-04  1.079427e-04  5.011179e-02  1.321429e+00  4.268420e-01  4.886718e-02  7.476421e+00  1.300972e+07  9.997062e+02  7.689952e-05  7.360900e+04  2.078600e+04  3.106200e+04  5.992500e+04  7.983100e+04  8.701900e+04  1.846923e-01  9.106511e-01  4.628996e-01  5.194143e-01
4.314138e-04  1.079427e-04  5.011179e-02  1.321429e+00  4.268420e-01  4.886718e-02  7.476421e+00  7.465145e+06  8.499444e+02  6.273276e-05  2.025000e+04  3.238000e+04  7.292400e+04  4.527000e+04  9.387700e+04  7.167300e+04  1.944656e-01  1.888492e+00  1.657645e+00  1.246867e+00
4.314138e-04  1.079427e-04  5.011179e-02  1.321429e+00  4.268420e-01  4.886718e-02  7.476421e+00  1.080220e+07  5.322472e+02  5.455595e-05  9.180000e+02  7.791200e+04  5.893000e+04  6.775900e+04  3.032300e+04  4.129700e+04  2.072507e-01  2.311766e+00  2.901021e+00  1.806679e+00
4.314138e-04  1.079427e-04  5.011179e-02  1.321429e+00  4.268420e-01  4.886718e-02  7.476421e+00  1.499073e+07  2.030303e+02  1.109865e-04  8.686700e+04  4.433800e+04  7.497400e+04  9.271400e+04  4.727000e+04  4.295300e+04  1.859944e-01  8.958477e-01  4.136562e-01  4.984994e-01
4.314138e-04  1.079427e-04  5.011179e-02  1.321429e+00  4.268420e-01  4.886718e-02  7.476421e+00  1.350797e+07  6.212478e+02  6.084760e-05  6.136100e+04  1.997400e+04  2.253900e+04  1.024200e+04  5.214800e+04  1.710900e+04  1.936400e-01  9.587599e-01  6.335894e-01  5.953298e-01
4.314138e-04  1.079427e-04  5.011179e-02  1.321429e+00  4.268420e-01  4.886718e-02  7.476421e+00  7.616374e+06  4.755364e+02  5.469254e-05  3.215600e+04  2.496500e+04  2.260900e+04  6.436000e+03  8.036300e+04  4.599200e+04  1.979769e-01  2.151911e+00  2.262589e+00  1.537492e+00
4.314138e-04  1.079427e-04  5.011179e-02  1.321429e+00  4.268420e-01  4.886718e-02  7.476421e+00  1.325224e+07  5.381111e+02  6.424421e-05  5.810500e+04  3.045100e+04  6.214600e+04  4.863200e+04  7.436600e+04  5.365300e+04  2.076581e-01  3.308067e+00  3.072215e+00  2.195980e+00
4.314138e-04  1.079427e-04  5.011179e-02  1.321429e+00  4.268420e-01  4.886718e-02  7.476421e+00  6.375730e+06  9.999896e+02  7.745436e-05  2.539900e+04  2.061000e+04  3.581800e+04  3.330000e+04  9.626000e+04  1.092100e+04  2.038256e-01  2.043402e+00  1.705010e+00  1.317413e+00
4.314138e-04  1.079427e-04  5.011179e-02  1.321429e+00  4.268420e-01  4.886718e-02  7.476421e+00  1.499674e+07  9.952529e+01  1.127998e-04  4.198100e+04  1.548500e+04  1.852900e+04  2.628500e+04  9.502800e+04  3.250700e+04  2.122477e-01  2.915540e+00  3.538943e+00  2.222244e+00
4.314138e-04  1.079427e-04  5.011179e-02  1.321429e+00  4.268420e-01  4.886718e-02  7.476421e+00  6.224364e+06  4.006254e+02  6.248371e-05  9.738400e+04  4.645000e+04  6.804200e+04  9.249200e+04  3.316400e+04  4.786200e+04  1.847121e-01  1.127556e+00  9.300999e-01  7.474560e-01
4.314138e-04  1.079427e-04  5.011179e-02  1.321429e+00  4.268420e-01  4.886718e-02  7.476421e+00  1.103511e+07  1.002405e+01  9.282424e-05  1.169000e+04  4.635400e+04  4.972700e+04  5.648700e+04  9.413000e+03  8.721800e+04  2.260233e-01  3.607515e+00  4.269133e+00  2.700890e+00
4.314138e-04  1.079427e-04  5.011179e-02  1.321429e+00  4.268420e-01  4.886718e-02  7.476421e+00  9.826001e+06  7.142344e+02  7.504930e-05  2.620000e+02  2.957700e+04  9.672900e+04  6.496200e+04  6.314900e+04  4.165000e+03  1.856272e-01  5.674347e-01  3.473293e-02  2.625983e-01
4.314138e-04  1.079427e-04  5.011179e-02  1.321429e+00  4.268420e-01  4.886718e-02  7.476421e+00  5.001533e+06  9.124387e+02  8.409264e-05  6.059500e+04  4.829500e+04  7.230000e+02  4.093300e+04  1.598900e+04  6.021100e+04  2.233230e-01  3.787077e+00  3.538138e+00  2.516179e+00
4.314138e-04  1.079427e-04  5.011179e-02  1.321429e+00  4.268420e-01  4.886718e-02  7.476421e+00  7.848335e+06  6.184040e+02  5.961595e-05  7.667500e+04  4.141600e+04  2.781200e+04  5.710900e+04  1.082300e+04  5.945600e+04  1.915890e-01  5.190749e-01  1.858539e-01  2.988392e-01
4.314138e-04  1.079427e-04  5.011179e-02  1.321429e+00  4.268420e-01  4.886718e-02  7.476421e+00  1.499164e+07  2.491187e+02  1.121724e-04  4.443300e+04  1.707400e+04  6.446500e+04  3.896300e+04  2.516000e+04  4.485500e+04  2.180794e-01  3.029912e+00  2.402534e+00  1.883508e+00
4.314138e-04  1.079427e-04  5.011179e-02  1.321429e+00  4.268420e-01  4.886718e-02  7.476421e+00  5.003237e+06  1.654532e+02  1.077576e-04  7.994800e+04  2.858300e+04  3.904800e+04  3.989700e+04  8.705500e+04  9.450900e+04  1.749670e-01  4.389049e-01  1.624013e-02  2.100373e-01
4.314138e-04  1.079427e-04  5.011179e-02  1.321429e+00  4.268420e-01  4.886718e-02  7.476421e+00  5.902597e+06  8.280372e+02  5.026856e-05  3.332700e+04  4.064000e+03  9.692900e+04  4.298100e+04  8.081200e+04  2.965900e+04  1.705268e-01  2.305534e-02  3.539460e-01  1.825094e-01
4.314138e-04  1.079427e-04  5.011179e-02  1.321429e+00  4.268420e-01  4.886718e-02  7.476421e+00  5.003763e+06  2.269187e+02  1.403132e-04  4.248800e+04  3.039200e+04  4.291200e+04  2.477600e+04  5.583800e+04  6.849700e+04  1.951662e-01  1.076415e+00  6.072051e-01  6.262620e-01
4.314138e-04  1.079427e-04  5.011179e-02  1.321429e+00  4.268420e-01  4.886718e-02  7.476421e+00  5.028625e+06  8.232587e+02  9.372274e-05  9.913500e+04  1.200200e+04  2.191200e+04  3.440400e+04  6.250000e+04  6.421700e+04  1.975826e-01  1.292358e+00  1.226120e+00  9.053534e-01
4.314138e-04  1.079427e-04  5.011179e-02  1.321429e+00  4.268420e-01  4.886718e-02  7.476421e+00  8.694033e+06  9.620215e+02  5.902252e-05  2.191500e+04  6.926800e+04  7.374000e+04  7.771300e+04  3.142000e+04  9.444200e+04  2.096256e-01  2.417861e+00  2.347350e+00  1.658279e+00
4.314138e-04  1.079427e-04  5.011179e-02  1.321429e+00  4.268420e-01  4.886718e-02  7.476421e+00  6.949525e+06  1.668519e+02  8.899135e-05  9.170000e+03  3.835000e+04  3.658700e+04  1.334900e+04  4.176100e+04  2.460000e+02  1.913292e-01  1.992858e+00  1.939257e+00  1.374481e+00
4.314138e-04  1.079427e-04  5.011179e-02  1.321429e+00  4.268420e-01  4.886718e-02  7.476421e+00  1.465450e+07  9.998332e+02  6.556795e-05  6.181700e+04  2.205400e+04  8.142300e+04  9.984200e+04  3.529400e+04  2.557000e+04  2.252544e-01  4.195819e+00  4.674662e+00  3.031912e+00
4.314138e-04  1.079427e-04  5.011179e-02  1.321429e+00  4.268420e-01  4.886718e-02  7.476421e+00  8.926823e+06  4.361521e+02  5.523085e-05  6.107800e+04  2.357100e+04  4.151600e+04  5.280000e+02  8.577500e+04  1.209000e+04  2.209167e-01  3.629489e+00  3.108802e+00  2.319736e+00
4.314138e-04  1.079427e-04  5.011179e-02  1.321429e+00  4.268420e-01  4.886718e-02  7.476421e+00  1.153136e+07  9.997170e+02  9.882962e-05  6.277500e+04  4.804100e+04  3.019400e+04  5.403500e+04  9.763400e+04  8.086600e+04  1.924475e-01  1.352939e+00  9.671412e-01  8.375093e-01
4.314138e-04  1.079427e-04  5.011179e-02  1.321429e+00  4.268420e-01  4.886718e-02  7.476421e+00  5.005485e+06  2.787811e+02  1.101068e-04  8.920900e+04  3.552500e+04  1.237200e+04  4.644900e+04  5.284300e+04  5.895700e+04  1.962509e-01  1.490060e+00  1.248897e+00  9.784025e-01
4.314138e-04  1.079427e-04  5.011179e-02  1.321429e+00  4.268420e-01  4.886718e-02  7.476421e+00  1.071931e+07  6.873993e+02  8.994637e-05  7.862000e+04  5.325300e+04  6.415100e+04  4.846700e+04  6.417200e+04  9.064800e+04  1.756776e-01  1.404039e-01  3.865211e-01  2.342009e-01
4.314138e-04  1.079427e-04  5.011179e-02  1.321429e+00  4.268420e-01  4.886718e-02  7.476421e+00  8.701332e+06  5.218700e+02  1.326237e-04  9.242600e+04  1.147500e+04  7.139800e+04  6.463500e+04  4.310700e+04  1.407100e+04  1.801913e-01  7.829971e-01  4.883412e-01  4.838432e-01
4.314138e-04  1.079427e-04  5.011179e-02  1.321429e+00  4.268420e-01  4.886718e-02  7.476421e+00  7.006269e+06  8.076002e+02  1.095870e-04  1.925200e+04  3.060400e+04  2.356900e+04  2.113900e+04  8.137000e+04  4.017100e+04  1.970625e-01  1.572113e+00  9.568351e-01  9.086704e-01
4.314138e-04  1.079427e-04  5.011179e-02  1.321429e+00  4.268420e-01  4.886718e-02  7.476421e+00  7.784885e+06  6.153793e+02  1.325464e-04  9.550000e+04  4.988000e+04  1.771700e+04  1.637400e+04  6.409600e+04  9.383500e+04  2.012405e-01  1.892486e+00  1.519972e+00  1.204566e+00
4.314138e-04  1.079427e-04  5.011179e-02  1.321429e+00  4.268420e-01  4.886718e-02  7.476421e+00  5.004848e+06  1.375520e+02  5.464031e-05  1.875800e+04  4.181100e+04  5.665800e+04  2.307000e+04  6.315100e+04  8.253800e+04  2.047647e-01  2.606009e+00  2.782158e+00  1.864311e+00
4.314138e-04  1.079427e-04  5.011179e-02  1.321429e+00  4.268420e-01  4.886718e-02  7.476421e+00  1.270137e+07  6.519513e+02  8.925167e-05  8.820900e+04  3.547400e+04  9.082000e+04  7.346600e+04  3.531700e+04  5.366300e+04  1.765993e-01  6.818773e-01  2.176346e-01  3.587037e-01
4.314138e-04  1.079427e-04  5.011179e-02  1.321429e+00  4.268420e-01  4.886718e-02  7.476421e+00  9.129052e+06  7.294074e+02  5.334047e-05  9.671900e+04  5.672600e+04  1.315400e+04  1.516700e+04  3.541000e+04  5.252700e+04  1.954778e-01  2.376448e+00  2.031940e+00  1.534622e+00
4.314138e-04  1.079427e-04  5.011179e-02  1.321429e+00  4.268420e-01  4.886718e-02  7.476421e+00  5.000631e+06  7.065631e+02  1.143459e-04  9.996400e+04  7.563100e+04  9.593300e+04  6.035400e+04  8.638300e+04  4.689200e+04  1.970587e-01  1.474267e+00  1.114944e+00  9.287564e-01
4.314138e-04  1.079427e-04  5.011179e-02  1.321429e+00  4.268420e-01  4.886718e-02  7.476421e+00  5.000290e+06  1.960982e+02  7.455659e-05  7.969000e+04  4.144000e+03  3.638000e+04  3.044800e+04  3.400900e+04  7.966000e+04  2.116431e-01  3.450235e+00  3.616089e+00  2.425989e+00
4.314138e-04  1.079427e-04  5.011179e-02  1.321429e+00  4.268420e-01  4.886718e-02  7.476421e+00  6.253127e+06  8.610309e+02  1.230234e-04  4.525800e+04  8.111800e+04  2.123100e+04  2.845400e+04  6.937700e+04  8.267400e+04  1.793932e-01  3.229017e-01  1.970742e-01  2.331230e-01
4.314138e-04  1.079427e-04  5.011179e-02  1.321429e+00  4.268420e-01  4.886718e-02  7.476421e+00  1.124463e+07  6.781442e+02  5.758906e-05  6.305700e+04  2.803700e+04  3.046300e+04  6.939000e+03  2.237400e+04  6.984400e+04  1.928871e-01  1.310238e+00  9.619578e-01  8.216943e-01
4.314138e-04  1.079427e-04  5.011179e-02  1.321429e+00  4.268420e-01  4.886718e-02  7.476421e+00  6.349748e+06  6.876201e+02  8.799238e-05  7.589000e+03  7.467200e+04  9.540900e+04  3.987500e+04  7.733700e+04  8.868500e+04  1.879191e-01  1.030143e+00  7.087965e-01  6.422861e-01
4.314138e-04  1.079427e-04  5.011179e-02  1.321429e+00  4.268420e-01  4.886718e-02  7.476421e+00  6.966046e+06  9.673814e+02  1.068023e-04  1.603900e+04  1.666000e+03  6.523000e+04  2.930800e+04  7.389500e+04  6.753800e+04  NaN  NaN  NaN  NaN
4.314138e-04  1.079427e-04  5.011179e-02  1.321429e+00  4.268420e-01  4.886718e-02  7.476421e+00  5.001600e+06  3.466219e+02  7.057204e-05  8.582600e+04  9.640200e+04  5.569000e+03  9.770600e+04  1.709500e+04  3.703500e+04  NaN  NaN  NaN  NaN
4.314138e-04  1.079427e-04  5.011179e-02  1.321429e+00  4.268420e-01  4.886718e-02  7.476421e+00  1.311558e+07  3.637071e+02  1.287997e-04  7.345800e+04  5.744200e+04  6.374000e+03  8.333000e+03  6.537900e+04  3.086500e+04  NaN  NaN  NaN  NaN
