8.711184e-03  2.373275e-02  7.175217e-02  2.368733e+00  5.357881e-01  2.495970e-02  1.725482e+00  1.202706e+07  4.678315e+02  1.280187e-04  9.730100e+04  7.104400e+04  3.614100e+04  2.934100e+04  1.558400e+04  3.421100e+04  2.159854e+00  8.738146e+01  2.191818e+02  1.029077e+02
7.978398e-03  2.329546e-03  6.886880e-02  4.189444e+00  4.238659e-01  2.365215e-02  4.659417e+00  9.270417e+06  8.345967e+02  5.150172e-05  1.348600e+04  6.743900e+04  9.301400e+04  5.331700e+04  1.149700e+04  6.539700e+04  2.051129e+00  8.283129e+01  1.725412e+02  8.580786e+01
6.345283e-03  2.526458e-02  6.662940e-02  3.321241e+00  3.698459e-01  4.299911e-02  5.502324e+00  1.430687e+07  2.151237e+02  1.469588e-04  6.383500e+04  5.194700e+04  1.397900e+04  6.508800e+04  3.018400e+04  7.101100e+04  1.436405e+00  5.452502e+01  1.790400e+02  7.833380e+01
2.581641e-03  2.412134e-03  5.918928e-02  1.013510e+00  2.676034e-01  1.900530e-02  7.386076e+00  6.246267e+06  7.597784e+02  8.813203e-05  3.241200e+04  7.850000e+02  9.383100e+04  9.400800e+04  3.231400e+04  3.569500e+04  1.452850e+00  5.186352e+01  2.372222e+02  9.684620e+01
9.342017e-03  2.388655e-02  9.214660e-02  3.529154e+00  8.672520e-01  6.227021e-03  7.224157e+00  7.963223e+06  9.075609e+02  8.932438e-05  5.249700e+04  8.898600e+04  7.909000e+04  2.693600e+04  4.063900e+04  9.835600e+04  1.290065e+00  4.035197e+01  7.073347e+02  2.496589e+02
1.021882e-03  1.952457e-02  9.063073e-02  4.179706e+00  3.484158e-01  3.668579e-02  4.585779e+00  7.558305e+06  9.108095e+02  1.053489e-04  4.118000e+04  1.020000e+04  1.454200e+04  6.426500e+04  3.249900e+04  8.229200e+04  1.966604e+00  7.623134e+01  2.005988e+02  9.293223e+01
2.902093e-02  9.403147e-03  6.531389e-02  2.172118e+00  8.130015e-01  3.317477e-02  2.493649e+00  1.264916e+07  7.470077e+02  1.084167e-04  8.972300e+04  3.187400e+04  3.414200e+04  6.595600e+04  9.603600e+04  2.081200e+04  7.968658e-01  3.007790e+01  5.029673e+01  2.705716e+01
1.642276e-02  4.012655e-03  5.460672e-02  1.253667e+00  3.481645e-01  4.897375e-02  6.866660e+00  8.762459e+06  6.756015e+02  1.398995e-04  7.996000e+04  6.656000e+04  6.523100e+04  9.806900e+04  9.821300e+04  3.510700e+04  5.760224e-01  2.462036e+01  6.485144e+01  3.001594e+01
1.232876e-02  2.157665e-02  6.794733e-02  4.162566e+00  7.953617e-01  4.307631e-02  1.931828e+00  1.109484e+07  9.030212e+02  1.013015e-04  9.986900e+04  8.445900e+04  9.079100e+04  9.819000e+03  7.662400e+04  9.653600e+04  1.368914e+00  4.836697e+01  5.635863e+01  3.536484e+01
2.916035e-02  6.974327e-03  5.410139e-02  3.322605e+00  3.556324e-01  1.276876e-02  5.609121e+00  1.173831e+07  1.497610e+02  1.488486e-04  4.100000e+04  5.992600e+04  4.760400e+04  8.267200e+04  3.874900e+04  7.266000e+04  2.451156e+00  1.029176e+02  5.155064e+02  2.069584e+02
7.529901e-03  8.020204e-03  7.128319e-02  4.765284e+00  6.263599e-01  7.111361e-03  4.597428e+00  1.112729e+07  9.998052e+01  9.849869e-05  4.432300e+04  6.220000e+04  9.799900e+04  4.841500e+04  3.782000e+03  1.526600e+04  2.378332e+00  8.975756e+01  5.855057e+02  2.258805e+02
1.127922e-02  2.313739e-02  5.644008e-02  2.076400e+00  9.764798e-01  3.271533e-02  4.954328e+00  1.062336e+07  1.987374e+02  7.408557e-05  6.759600e+04  8.795800e+04  9.114100e+04  8.411500e+04  3.167400e+04  2.194300e+04  1.019107e-01  2.304827e+01  8.169120e+01  3.494713e+01
2.360268e-02  2.558082e-02  6.562754e-02  1.165511e+00  7.981854e-01  3.817252e-02  9.541440e+00  1.451461e+07  8.811946e+02  1.400689e-04  2.389100e+04  7.246900e+04  3.819500e+04  1.527200e+04  4.316500e+04  8.672500e+04  NaN  NaN  NaN  NaN
9.778177e-03  1.667101e-02  8.636807e-02  1.549388e+00  8.510023e-01  1.149588e-02  5.709716e+00  8.889926e+06  7.762012e+02  1.333082e-04  1.855700e+04  9.495300e+04  2.638900e+04  1.577600e+04  4.784100e+04  2.994000e+04  5.229272e-01  2.356084e+01  2.797300e+02  1.012713e+02
2.892771e-02  2.643120e-02  5.124856e-02  3.364799e+00  3.054778e-01  4.831659e-02  5.207818e+00  1.174184e+07  5.636407e+02  9.174330e-05  2.204600e+04  8.954700e+04  6.222300e+04  4.530000e+04  2.327800e+04  9.275300e+04  1.686734e+00  6.403089e+01  1.556034e+02  7.377369e+01
6.255495e-03  6.571521e-03  9.596730e-02  1.903737e+00  3.279558e-01  4.468934e-02  9.782511e+00  1.098088e+07  6.761796e+02  8.617618e-05  4.932200e+04  8.809700e+04  3.993500e+04  3.137700e+04  3.073300e+04  6.538200e+04  8.165290e-01  3.047294e+01  1.634300e+02  6.490648e+01
2.182733e-02  1.474497e-02  5.408278e-02  1.671004e+00  3.496525e-01  1.548104e-02  2.240099e+00  8.041935e+06  2.547352e+01  1.473213e-04  7.303000e+04  8.608200e+04  2.904100e+04  2.788500e+04  3.592800e+04  5.984200e+04  2.605118e+00  1.108284e+02  2.599005e+02  1.244447e+02
9.353557e-04  5.290577e-03  9.944241e-02  2.008658e+00  8.094862e-01  2.313548e-02  9.888941e+00  1.254648e+07  4.748004e+02  8.267377e-05  8.676100e+04  1.388500e+04  2.842500e+04  4.686600e+04  8.276000e+03  1.702200e+04  1.185138e-01  1.497589e+01  1.303961e+02  4.849685e+01
2.508506e-02  6.385249e-03  9.313997e-02  1.818311e+00  4.723406e-01  6.564787e-03  4.387606e+00  9.999425e+06  2.141398e+02  6.494320e-05  8.356000e+03  6.431800e+04  5.963800e+04  8.854500e+04  8.471700e+04  8.467300e+04  NaN  NaN  NaN  NaN
2.707306e-02  2.395231e-02  9.693881e-02  3.379366e+00  4.202932e-01  4.974487e-02  4.137588e+00  5.174594e+06  4.312533e+02  1.172948e-04  1.446200e+04  7.644400e+04  2.470800e+04  3.523200e+04  2.295000e+04  4.470100e+04  1.347148e+00  4.939661e+01  1.135111e+02  5.475162e+01
2.273325e-02  5.942779e-03  7.724532e-02  4.850518e+00  8.536090e-01  2.855010e-02  1.555626e+00  1.239136e+07  1.046458e+02  9.719957e-05  6.814800e+04  8.328600e+04  7.620000e+04  3.300800e+04  8.738400e+04  4.917400e+04  2.422262e+00  8.894770e+01  5.236421e+01  4.791139e+01
2.141954e-02  2.632233e-02  6.085465e-02  1.345860e+00  7.013729e-01  2.737954e-03  5.167861e+00  1.024825e+07  1.166860e+02  1.115270e-04  7.850400e+04  6.413600e+04  3.278800e+04  3.124000e+04  6.071600e+04  2.231600e+04  1.327332e+00  4.400636e+01  8.230866e+02  2.894734e+02
1.247329e-02  1.166624e-02  8.841389e-02  2.247673e+00  3.522866e-01  6.421494e-03  8.201589e+00  5.997054e+06  8.452683e+02  1.268298e-04  5.162800e+04  4.726400e+04  9.843100e+04  4.295900e+04  1.125300e+04  5.493900e+04  2.355041e+00  8.792309e+01  1.122513e+03  4.042637e+02
1.860752e-02  1.459838e-02  8.779510e-02  1.166097e+00  7.485106e-01  2.220540e-02  6.774528e+00  1.144197e+07  4.606706e+02  1.408981e-04  6.733800e+04  2.778600e+04  2.873500e+04  9.899500e+04  1.468400e+04  7.526000e+03  1.413284e-01  2.057470e+01  1.398880e+02  5.353467e+01
1.958457e-02  2.357352e-02  6.582926e-02  1.087577e+00  5.461759e-01  4.216058e-02  8.367169e+00  1.424745e+07  5.357159e+02  5.055186e-05  8.460000e+03  1.876100e+04  1.700100e+04  3.007100e+04  8.125200e+04  8.027400e+04  1.204396e-01  3.105102e+01  3.516303e+02  1.276006e+02
2.099847e-03  2.966870e-02  8.791145e-02  4.681800e+00  7.134840e-01  2.705897e-02  7.109139e+00  1.397799e+07  6.570092e+02  1.171791e-04  7.505700e+04  8.740000e+02  5.712200e+04  4.986000e+04  2.656300e+04  4.141200e+04  8.977953e-01  3.145007e+01  2.875419e+02  1.066299e+02
1.945353e-02  1.949642e-02  7.138862e-02  1.832975e+00  7.929264e-01  4.773660e-02  3.787110e+00  1.080941e+07  6.255886e+02  1.069712e-04  7.122500e+04  5.486200e+04  9.691900e+04  6.112900e+04  6.341000e+04  9.087200e+04  NaN  NaN  NaN  NaN
1.786831e-02  1.709551e-02  6.791978e-02  3.258025e+00  4.099714e-01  2.746210e-02  9.760723e+00  1.341077e+07  2.613164e+02  9.661546e-05  6.667000e+03  1.895900e+04  7.307400e+04  1.504000e+04  1.216800e+04  9.459800e+04  1.269957e+00  4.748471e+01  3.903848e+02  1.463798e+02
2.005125e-02  1.189322e-02  5.967039e-02  2.646668e+00  5.477030e-01  4.772759e-02  1.272344e+00  9.759233e+06  7.858587e+02  1.367516e-04  1.987000e+03  9.967300e+04  2.031000e+03  3.689800e+04  7.397300e+04  2.437100e+04  2.396805e+00  1.000823e+02  3.827935e+01  4.691950e+01
8.480444e-03  2.076218e-02  6.777044e-02  2.596713e+00  4.787640e-01  4.309139e-03  9.738129e+00  1.155635e+07  4.922331e+02  5.755678e-05  8.205300e+04  7.528200e+04  6.330900e+04  8.810200e+04  1.639100e+04  3.940400e+04  NaN  NaN  NaN  NaN
2.581753e-02  1.013716e-02  9.828441e-02  4.526583e+00  7.584301e-01  2.677284e-02  6.625424e+00  1.375924e+07  1.734308e+01  1.087901e-04  4.597500e+04  2.229500e+04  4.260000e+02  6.155700e+04  2.889800e+04  4.586000e+03  9.246238e-01  3.716578e+01  1.937538e+02  7.728141e+01
1.881014e-03  1.540637e-02  5.119026e-02  1.062863e+00  6.930715e-01  4.703313e-02  4.395301e+00  6.168141e+06  3.614437e+02  1.164564e-04  9.710900e+04  6.937700e+04  7.285100e+04  1.363600e+04  6.309100e+04  4.941000e+04  1.487723e-01  9.657257e+00  3.242645e+01  1.407749e+01
2.628981e-02  1.282202e-02  9.165205e-02  4.336988e+00  6.653517e-01  2.868216e-02  5.594114e+00  7.931281e+06  4.430679e+02  1.396606e-04  2.207200e+04  6.234800e+04  3.760800e+04  8.992000e+03  3.470000e+02  3.619300e+04  1.040907e+00  4.097557e+01  1.974699e+02  7.982880e+01
2.494469e-02  1.340038e-02  8.667813e-02  1.277306e+00  3.086515e-01  4.799760e-03  4.589065e+00  1.460947e+07  7.626307e+02  1.109867e-04  1.747700e+04  7.349100e+04  8.326600e+04  6.173000e+03  1.292200e+04  8.172300e+04  NaN  NaN  NaN  NaN
2.940640e-03  9.560095e-04  9.862389e-02  2.618826e+00  6.749418e-01  3.706044e-02  7.097724e+00  7.640084e+06  5.543369e+02  8.185023e-05  4.732000e+04  5.052400e+04  4.667100e+04  7.484200e+04  2.365900e+04  1.399800e+04  3.628102e-01  1.667261e+01  3.796482e+01  1.833341e+01
2.293387e-02  1.281728e-03  6.631157e-02  2.493161e+00  9.939785e-01  4.975625e-02  6.366195e+00  6.235096e+06  5.860884e+02  1.438642e-04  8.841500e+04  4.009500e+04  8.604100e+04  1.019900e+04  7.035100e+04  7.027900e+04  1.295327e-01  4.057729e+00  2.565196e+00  2.250819e+00
9.032249e-03  6.067729e-03  7.817817e-02  2.152520e+00  5.292199e-01  3.614975e-02  9.976724e+00  1.385611e+07  3.096970e+02  7.654604e-05  1.661100e+04  9.682700e+04  3.347100e+04  6.418000e+03  2.120100e+04  1.990100e+04  5.356133e-01  3.190900e+01  2.031163e+02  7.852032e+01
1.648039e-02  2.601445e-02  6.573825e-02  1.831477e+00  6.937129e-01  2.253455e-03  7.426203e+00  9.828390e+06  3.088919e+02  6.045007e-05  1.984700e+04  2.509300e+04  5.438100e+04  7.482000e+03  9.900400e+04  7.051700e+04  1.428481e+00  4.790282e+01  1.101871e+03  3.837342e+02
7.697581e-03  6.438127e-03  6.719065e-02  1.107710e+00  8.250584e-01  4.709591e-02  4.271803e+00  9.625951e+06  8.445302e+02  1.201506e-04  6.486400e+04  3.213700e+04  2.112100e+04  9.728600e+04  7.751200e+04  1.119300e+04  1.166842e-01  2.809984e+00  1.112432e+01  4.683662e+00
2.563066e-02  1.782429e-03  9.504591e-02  3.675602e+00  8.157149e-01  2.865690e-02  4.509038e+00  1.243642e+07  7.876426e+02  1.370054e-04  5.200700e+04  3.814000e+04  3.593400e+04  5.298400e+04  1.389900e+04  7.508000e+04  9.500708e-01  3.812117e+01  1.258482e+02  5.497315e+01
2.207922e-02  1.655886e-03  7.723167e-02  3.864120e+00  8.659486e-01  1.041757e-04  4.516386e+00  6.935113e+06  4.299053e+02  1.479824e-04  7.923600e+04  4.414100e+04  3.496300e+04  8.647900e+04  6.810100e+04  2.674300e+04  2.474687e+00  1.010408e+02  6.041527e+02  2.358894e+02
1.159806e-03  1.132066e-02  8.722287e-02  4.298671e+00  6.789691e-01  3.451278e-02  9.332525e+00  1.084604e+07  4.234467e+02  8.947140e-05  8.969400e+04  6.453900e+04  7.395000e+03  7.697000e+04  4.916500e+04  7.206000e+04  5.839015e-01  2.249926e+01  1.750529e+02  6.604535e+01
2.597499e-02  2.714197e-02  7.925818e-02  4.605360e+00  7.301971e-01  4.065550e-02  5.931670e+00  1.309374e+07  4.435752e+02  1.183373e-04  4.818500e+04  8.299500e+04  7.195500e+04  6.705400e+04  4.628700e+04  5.391600e+04  6.917819e-01  2.737488e+01  1.501127e+02  5.939312e+01
6.080001e-03  2.553680e-02  5.389312e-02  4.970970e+00  9.868649e-01  1.938650e-02  5.583829e+00  1.435084e+07  7.656602e+02  9.821538e-05  3.114000e+04  6.903000e+04  5.604700e+04  8.749800e+04  1.518000e+04  1.626700e+04  9.675479e-01  4.024552e+01  3.502045e+02  1.304725e+02
9.471267e-03  2.027495e-02  9.789698e-02  1.110070e+00  3.134393e-01  2.669976e-02  2.089874e+00  9.398181e+06  3.672672e+02  8.048477e-05  7.409100e+04  5.068600e+04  7.620200e+04  9.808500e+04  1.691400e+04  9.797400e+04  1.956271e+00  7.642599e+01  1.104773e+02  6.295318e+01
2.506587e-02  2.705738e-02  7.260579e-02  2.083917e+00  5.148589e-01  1.420996e-02  8.770718e+00  1.150673e+07  3.158080e+02  1.308165e-04  7.666000e+03  7.389600e+04  5.850600e+04  4.715800e+04  5.590800e+04  8.557900e+04  1.124150e+00  3.980046e+01  5.730859e+02  2.046702e+02
4.170883e-03  6.979459e-05  9.824750e-02  4.414167e+00  5.378808e-01  4.828226e-02  3.963287e+00  1.303686e+07  3.889155e+02  9.747953e-05  2.600200e+04  6.854200e+04  8.875700e+04  9.783200e+04  7.914500e+04  4.001100e+04  2.399403e+00  3.530786e+01  6.093779e+00  1.460035e+01
2.942316e-02  3.513759e-03  8.016720e-02  1.012843e+00  6.643447e-01  4.329852e-02  8.218972e+00  7.371446e+06  9.127043e+02  1.073265e-04  6.372100e+04  5.472400e+04  1.588500e+04  1.870300e+04  7.623100e+04  5.306400e+04  1.106798e-01  1.047443e+01  4.367311e+01  1.808608e+01
6.408298e-03  4.234575e-03  7.060718e-02  3.673691e+00  9.805594e-01  2.884193e-02  8.147157e+00  1.446090e+07  7.227824e+02  1.110873e-04  8.957800e+04  5.449300e+04  8.134100e+04  6.481500e+04  4.037200e+04  5.935200e+04  2.117278e-01  1.594063e+01  5.436632e+01  2.350623e+01
7.024127e-03  2.493406e-02  6.314205e-02  3.012388e+00  9.412917e-01  3.910176e-02  2.453812e+00  1.248768e+07  3.341865e+02  6.862319e-05  1.876600e+04  4.231500e+04  3.196200e+04  3.946000e+03  7.552100e+04  9.130400e+04  6.207626e-01  2.210686e+01  5.065314e+01  2.446025e+01
1.853910e-02  1.496995e-02  6.436758e-02  4.111389e+00  4.072266e-01  7.835353e-03  8.713835e+00  5.093720e+06  5.428068e+02  6.025757e-05  9.027600e+04  1.462600e+04  5.422100e+04  4.155100e+04  1.640600e+04  9.603500e+04  2.434209e+00  9.557909e+01  1.171394e+03  4.231359e+02
8.274259e-03  2.859379e-02  8.271948e-02  1.797384e+00  4.273740e-01  4.306457e-02  9.392534e+00  9.003442e+06  5.657356e+02  5.597657e-05  8.373900e+04  4.161500e+04  3.667000e+03  1.532600e+04  2.124000e+03  1.316100e+04  4.603685e-01  1.963354e+01  1.857745e+02  6.862279e+01
2.827563e-02  2.305683e-03  5.404962e-02  4.786567e+00  9.314595e-01  2.502292e-02  2.122192e+00  1.222915e+07  6.909196e+02  1.199765e-04  5.668500e+04  2.167000e+04  3.828000e+03  4.478800e+04  5.180000e+04  5.183200e+04  2.587625e+00  4.796511e+01  2.256722e+01  2.437332e+01
6.685801e-05  3.741410e-03  9.991544e-02  1.041886e+00  2.823009e-01  3.196616e-02  1.068282e+00  1.160615e+07  2.617326e+02  1.162617e-04  5.686200e+04  2.789700e+04  1.717200e+04  9.490300e+04  8.327900e+04  2.785500e+04  3.226731e+00  1.534256e+02  6.567980e+01  7.411071e+01
1.989119e-02  4.885448e-03  7.717798e-02  1.283516e+00  4.666091e-01  1.508803e-02  8.581802e+00  1.498447e+07  1.497728e+02  9.554948e-05  8.123300e+04  3.574000e+04  4.900600e+04  1.340100e+04  5.593500e+04  5.158400e+04  9.199751e-01  4.179531e+01  4.309504e+02  1.578886e+02
1.460877e-02  2.857924e-04  6.128265e-02  1.073750e+00  8.722475e-01  2.411613e-02  1.564847e+00  5.284453e+06  3.306188e+02  9.782083e-05  5.416100e+04  9.066800e+04  4.786000e+03  4.557600e+04  3.591700e+04  9.256500e+04  2.178800e+00  1.799996e+01  1.956272e-01  6.791464e+00
8.037014e-03  1.102760e-03  5.601375e-02  4.235567e+00  9.930424e-01  4.184473e-02  1.667583e+00  5.593821e+06  7.918199e+01  7.359959e-05  6.248400e+04  7.082600e+04  3.145000e+04  8.558500e+04  2.309800e+04  9.444100e+04  3.151482e+00  2.758597e+00  7.841578e-01  2.231412e+00
1.465855e-02  2.722149e-04  9.056738e-02  3.494661e+00  9.835215e-01  4.287497e-02  6.869876e+00  5.682324e+06  6.266620e+02  1.190330e-04  2.025000e+04  3.238000e+04  7.292400e+04  4.527000e+04  9.387700e+04  7.167300e+04  2.355239e-01  4.740913e+00  6.633261e-01  1.879921e+00
1.565702e-02  1.557025e-03  7.300506e-02  2.207883e+00  9.846600e-01  1.362614e-02  1.175864e+00  1.460944e+07  6.761369e+02  1.262046e-04  5.165700e+04  6.522200e+04  7.317000e+04  6.055900e+04  5.319000e+04  4.264800e+04  3.225037e+00  5.811522e+01  2.089221e+01  2.741082e+01
8.396071e-04  1.442024e-03  8.608232e-02  1.969988e+00  9.902017e-01  4.917588e-02  2.020933e+00  1.436352e+07  2.667529e+02  1.104523e-04  2.390000e+02  8.645000e+04  9.658200e+04  9.120800e+04  4.973400e+04  4.071100e+04  1.398180e+00  8.121004e-01  8.510680e-01  1.020450e+00
7.571736e-03  4.162952e-04  6.426434e-02  3.042802e+00  9.971920e-01  4.329030e-02  4.539122e+00  9.844486e+06  2.973013e+02  1.363915e-04  3.215600e+04  2.496500e+04  2.260900e+04  6.436000e+03  8.036300e+04  4.599200e+04  4.193407e-01  9.658134e-01  7.492652e-01  7.114731e-01
9.287104e-04  5.151253e-04  9.416242e-02  1.060061e+00  9.841983e-01  2.757796e-02  9.474516e+00  6.810392e+06  7.929775e+02  1.174767e-04  8.686700e+04  4.433800e+04  7.497400e+04  9.271400e+04  4.727000e+04  4.295300e+04  5.806587e-01  7.537397e-01  5.608494e-01  6.317493e-01
4.613107e-03  3.291993e-04  8.254069e-02  4.855644e+00  9.717117e-01  4.979669e-02  7.266128e+00  8.196173e+06  9.049725e+01  5.701199e-05  5.269500e+04  7.635500e+04  2.491400e+04  5.952600e+04  5.602500e+04  9.532000e+04  8.042006e-02  9.228448e-02  7.461142e-01  3.062729e-01
7.268668e-03  3.787208e-04  6.813844e-02  4.505570e+00  9.563177e-01  4.971347e-02  8.636646e+00  1.343382e+07  1.124796e+02  1.444017e-04  3.496200e+04  9.563900e+04  1.104200e+04  7.753800e+04  7.591000e+03  9.253000e+04  4.437236e-02  5.256830e-01  4.170025e-01  3.290193e-01
1.166160e-02  8.873327e-04  8.361269e-02  1.124494e+00  9.823539e-01  3.124055e-02  6.588835e+00  5.561156e+06  4.803132e+02  1.108472e-04  8.667200e+04  5.908300e+04  6.081200e+04  9.731700e+04  2.427000e+04  1.602800e+04  2.488870e-01  2.286038e+00  3.713909e+00  2.082945e+00
6.069454e-05  3.177107e-04  8.389680e-02  1.596569e+00  9.569604e-01  3.653970e-02  3.688210e+00  9.349002e+06  7.673116e+02  8.094398e-05  2.539900e+04  2.061000e+04  3.581800e+04  3.330000e+04  9.626000e+04  1.092100e+04  2.427961e-01  9.871120e-01  9.549034e-01  7.282705e-01
5.494478e-03  3.746494e-03  7.724609e-02  3.808970e+00  9.878125e-01  4.986472e-02  4.236089e+00  6.149668e+06  7.637744e+02  6.598266e-05  4.385600e+04  1.066100e+04  4.156400e+04  9.603600e+04  6.803400e+04  8.330000e+02  5.536827e-01  7.498340e-01  1.551089e+00  9.515351e-01
1.557139e-03  1.601531e-03  9.034859e-02  1.205003e+00  9.295658e-01  4.608469e-02  8.813211e+00  5.105561e+06  5.688639e+02  7.786370e-05  9.738400e+04  4.645000e+04  6.804200e+04  9.249200e+04  3.316400e+04  4.786200e+04  5.094852e-01  7.217472e-01  5.533734e-02  4.288566e-01
1.006094e-02  6.176411e-05  7.866278e-02  1.112193e+00  9.883980e-01  3.248342e-02  1.080020e+00  1.478649e+07  4.128864e+02  1.176412e-04  7.360900e+04  2.078600e+04  3.106200e+04  5.992500e+04  7.983100e+04  8.701900e+04  2.708215e+00  8.849845e+00  9.806918e-01  4.179584e+00
2.375676e-02  4.228005e-04  7.859167e-02  1.029536e+00  9.697625e-01  2.263188e-02  1.885249e+00  9.236684e+06  1.117314e+02  7.114315e-05  6.059500e+04  4.829500e+04  7.230000e+02  4.093300e+04  1.598900e+04  6.021100e+04  1.504564e+00  2.269170e+01  3.662346e+00  9.286204e+00
2.219587e-03  3.144010e-03  5.840182e-02  4.950947e+00  9.876597e-01  4.892732e-02  1.622593e+00  1.094350e+07  6.680027e+02  9.084773e-05  9.180000e+02  7.791200e+04  5.893000e+04  6.775900e+04  3.032300e+04  4.129700e+04  3.406737e+00  4.623291e-01  6.072226e-01  1.492096e+00
4.582044e-03  3.872656e-05  5.131734e-02  4.763999e+00  9.392412e-01  4.913711e-02  2.906220e+00  1.189430e+07  5.416303e+02  1.437450e-04  6.136100e+04  1.997400e+04  2.253900e+04  1.024200e+04  5.214800e+04  1.710900e+04  1.613927e+00  1.995457e-02  9.928351e-01  8.755722e-01
9.814474e-03  1.408057e-03  5.299481e-02  1.343119e+00  9.981893e-01  1.966682e-02  1.605704e+00  9.942581e+06  8.784618e+02  1.397113e-04  7.667500e+04  4.141600e+04  2.781200e+04  5.710900e+04  1.082300e+04  5.945600e+04  1.639606e+00  6.460635e+00  1.092143e+00  3.064128e+00
3.767755e-03  3.844973e-04  7.553723e-02  1.359778e+00  9.888760e-01  4.223450e-02  1.346487e+00  1.018277e+07  4.199151e+02  5.531237e-05  3.332700e+04  4.064000e+03  9.692900e+04  4.298100e+04  8.081200e+04  2.965900e+04  2.087954e+00  4.295496e-01  9.554791e-01  1.157661e+00
5.297004e-04  7.343484e-05  8.260958e-02  3.962234e+00  8.312667e-01  4.958143e-02  7.729844e+00  6.152184e+06  2.088664e+02  1.360225e-04  5.810500e+04  3.045100e+04  6.214600e+04  4.863200e+04  7.436600e+04  5.365300e+04  4.801026e-03  9.202765e-01  9.666957e-01  6.305911e-01
3.995537e-04  2.546522e-04  6.833022e-02  1.881326e+00  9.933007e-01  3.746366e-02  2.832907e+00  1.331175e+07  5.413353e+02  1.469882e-04  4.198100e+04  1.548500e+04  1.852900e+04  2.628500e+04  9.502800e+04  3.250700e+04  6.841057e-01  9.341523e-01  9.726553e-01  8.636378e-01
4.145203e-03  2.019477e-03  6.101864e-02  1.992609e+00  9.878700e-01  4.621446e-02  6.546374e+00  8.024223e+06  1.220092e+02  1.345147e-04  9.913500e+04  1.200200e+04  2.191200e+04  3.440400e+04  6.250000e+04  6.421700e+04  2.013436e-01  4.311513e-01  9.103786e-02  2.411776e-01
1.217071e-02  1.777345e-05  5.201492e-02  4.869926e+00  9.834246e-01  4.188125e-02  1.984372e+00  1.403392e+07  9.261318e+02  6.071433e-05  9.170000e+03  3.835000e+04  3.658700e+04  1.334900e+04  4.176100e+04  2.460000e+02  2.776836e+00  2.420259e+00  9.956703e-01  2.064255e+00
1.657665e-02  2.947658e-02  7.480465e-02  1.062236e+00  9.854034e-01  4.920369e-02  8.161705e+00  5.579614e+06  5.333313e+02  1.115157e-04  6.107800e+04  2.357100e+04  4.151600e+04  5.280000e+02  8.577500e+04  1.209000e+04  5.499359e-01  5.903274e+00  2.790549e+01  1.145290e+01
4.082866e-03  2.201309e-03  5.224994e-02  1.459878e+00  9.512068e-01  3.697019e-02  2.229289e+00  5.076148e+06  2.810466e+02  5.514955e-05  2.620000e+02  2.957700e+04  9.672900e+04  6.496200e+04  6.314900e+04  4.165000e+03  9.973138e-01  1.303067e-01  7.037508e-01  6.104571e-01
2.356952e-03  1.273732e-03  6.905977e-02  4.996755e+00  9.890934e-01  4.739230e-02  4.591352e+00  9.947048e+06  4.829677e+02  1.092039e-04  1.169000e+04  4.635400e+04  4.972700e+04  5.648700e+04  9.413000e+03  8.721800e+04  6.039614e-01  4.290755e-01  6.914260e-01  5.748210e-01
3.180625e-03  3.279174e-04  8.759466e-02  1.092984e+00  9.659050e-01  1.779547e-02  1.065237e+00  7.675634e+06  6.233783e+02  1.473904e-04  4.443300e+04  1.707400e+04  6.446500e+04  3.896300e+04  2.516000e+04  4.485500e+04  2.657525e+00  5.092265e+00  8.796036e-01  2.876464e+00
2.916220e-03  2.433310e-03  5.543704e-02  3.888328e+00  8.115226e-01  4.962416e-02  9.078117e+00  5.609599e+06  9.614675e+01  1.081935e-04  7.994800e+04  2.858300e+04  3.904800e+04  3.989700e+04  8.705500e+04  9.450900e+04  8.738284e-02  1.961530e+00  8.067643e+00  3.372185e+00
3.916922e-04  3.735892e-05  8.575140e-02  1.281151e+00  8.632217e-01  4.862932e-02  8.178714e+00  7.499358e+06  2.104119e+02  1.494679e-04  8.920900e+04  3.552500e+04  1.237200e+04  4.644900e+04  5.284300e+04  5.895700e+04  4.123127e-01  9.713267e-01  9.882908e-01  7.906434e-01
2.875433e-04  1.141999e-03  7.218174e-02  3.630010e+00  9.942886e-01  4.480051e-02  1.042240e+00  1.389325e+07  1.618268e+02  1.387640e-04  4.248800e+04  3.039200e+04  4.291200e+04  2.477600e+04  5.583800e+04  6.849700e+04  5.025716e+00  4.373669e-01  8.643416e-01  2.109142e+00
9.530391e-03  5.745075e-05  9.605993e-02  1.003146e+00  9.934285e-01  4.063655e-02  3.712059e+00  7.545456e+06  5.080757e+02  1.099044e-04  2.191500e+04  6.926800e+04  7.374000e+04  7.771300e+04  3.142000e+04  9.444200e+04  1.848763e-01  4.199756e+00  8.508174e-01  1.745150e+00
1.269519e-04  1.171386e-03  9.435278e-02  2.255299e+00  9.908665e-01  4.095180e-02  9.409415e+00  6.581050e+06  4.636670e+02  1.371616e-04  1.925200e+04  3.060400e+04  2.356900e+04  2.113900e+04  8.137000e+04  4.017100e+04  4.338500e-01  9.908038e-01  5.672082e-01  6.639540e-01
5.910097e-03  2.969612e-02  9.519041e-02  3.279510e+00  2.518365e-01  3.259965e-02  3.431028e+00  5.539736e+06  7.478400e+01  1.163845e-04  6.277500e+04  4.804100e+04  3.019400e+04  5.403500e+04  9.763400e+04  8.086600e+04  2.607933e+00  1.131245e+02  2.057597e+02  1.071640e+02
5.654038e-03  2.687558e-02  9.533535e-02  2.181960e+00  9.715477e-01  3.902464e-02  5.535055e+00  7.602733e+06  3.451688e+02  1.480677e-04  1.875800e+04  4.181100e+04  5.665800e+04  2.307000e+04  6.315100e+04  8.253800e+04  9.969600e-02  1.195213e+01  7.881247e+01  3.028810e+01
6.870274e-03  3.848468e-04  7.192519e-02  1.373943e+00  9.918763e-01  4.903814e-02  8.574921e+00  5.680164e+06  9.390134e+02  7.335309e-05  9.550000e+04  4.988000e+04  1.771700e+04  1.637400e+04  6.409600e+04  9.383500e+04  4.162719e-01  6.423419e-02  5.572216e-01  3.459092e-01
7.405705e-04  2.022129e-03  9.421483e-02  2.393380e+00  9.943552e-01  4.522309e-02  4.680224e+00  5.502784e+06  3.518780e+02  7.912374e-05  6.181700e+04  2.205400e+04  8.142300e+04  9.984200e+04  3.529400e+04  2.557000e+04  1.398938e-01  9.246873e-01  6.056329e-01  5.567380e-01
4.967620e-03  2.786249e-02  8.277382e-02  3.638768e+00  8.576275e-01  4.916828e-02  1.610412e+00  1.025913e+07  6.583188e+01  1.095764e-04  9.242600e+04  1.147500e+04  7.139800e+04  6.463500e+04  4.310700e+04  1.407100e+04  1.264327e+00  4.216027e+01  4.275097e+01  2.872519e+01
2.411004e-02  2.133080e-03  9.369339e-02  4.482502e+00  7.531201e-01  1.601433e-02  1.057755e+00  1.089433e+07  8.670353e+02  1.127337e-04  7.862000e+04  5.325300e+04  6.415100e+04  4.846700e+04  6.417200e+04  9.064800e+04  4.435889e+00  2.297061e+02  8.428396e+01  1.061420e+02
1.753091e-02  7.254135e-04  8.144850e-02  1.482239e+00  9.801252e-01  4.882620e-02  2.496983e+00  5.512823e+06  5.525722e+02  1.001178e-04  4.525800e+04  8.111800e+04  2.123100e+04  2.845400e+04  6.937700e+04  8.267400e+04  9.927865e-01  6.293748e+00  4.171647e-01  2.567900e+00
1.380831e-02  8.357228e-04  7.247395e-02  2.301382e+00  7.179788e-01  4.959498e-02  3.485194e+00  5.235947e+06  6.832402e+02  1.401511e-04  9.996400e+04  7.563100e+04  9.593300e+04  6.035400e+04  8.638300e+04  4.689200e+04  1.238181e+00  1.430617e+01  7.899429e+00  7.814593e+00
5.867675e-04  5.741711e-04  5.611888e-02  1.525963e+00  4.579590e-01  4.959713e-02  8.622626e+00  7.886473e+06  1.403346e+02  1.362889e-04  9.671900e+04  5.672600e+04  1.315400e+04  1.516700e+04  3.541000e+04  5.252700e+04  2.435116e-01  1.400529e+01  3.091730e+01  1.505537e+01
5.755151e-03  1.487447e-03  8.591113e-02  1.527873e+00  3.573998e-01  4.987317e-02  1.905036e+00  7.647093e+06  5.748104e+02  5.402371e-05  7.589000e+03  7.467200e+04  9.540900e+04  3.987500e+04  7.733700e+04  8.868500e+04  1.937053e+00  7.764483e+01  2.833708e+01  3.597299e+01
1.848378e-02  5.144177e-03  9.777745e-02  2.035370e+00  9.984902e-01  2.227494e-02  8.386087e+00  6.265630e+06  4.467533e+02  1.459782e-04  6.305700e+04  2.803700e+04  3.046300e+04  6.939000e+03  2.237400e+04  6.984400e+04  1.686393e-01  2.732081e+01  9.269682e+01  4.006209e+01
1.651057e-03  2.397344e-03  8.179959e-02  4.113392e+00  9.987510e-01  3.746331e-02  1.693173e+00  1.376269e+07  6.325112e+02  7.352986e-05  1.603900e+04  1.666000e+03  6.523000e+04  2.930800e+04  7.389500e+04  6.753800e+04  2.873227e+00  1.193374e-01  5.544242e-01  1.182330e+00
8.694508e-03  3.489542e-05  6.326443e-02  3.718698e+00  9.268078e-01  4.978268e-02  4.358622e+00  9.683568e+06  2.579819e+02  6.107864e-05  8.820900e+04  3.547400e+04  9.082000e+04  7.346600e+04  3.531700e+04  5.366300e+04  6.989162e-01  7.642107e-01  9.795404e-01  8.142224e-01
5.899033e-03  4.347562e-05  7.602356e-02  3.426090e+00  9.797582e-01  4.005389e-02  7.384737e+00  5.427785e+06  1.199781e+02  6.603027e-05  3.484200e+04  2.108900e+04  9.686300e+04  5.309100e+04  5.406000e+04  8.491000e+03  NaN  NaN  NaN  NaN
1.557324e-03  7.369674e-04  8.158718e-02  1.253620e+00  9.608558e-01  3.567587e-02  9.331376e+00  5.821624e+06  2.612368e+02  1.467772e-04  8.582600e+04  9.640200e+04  5.569000e+03  9.770600e+04  1.709500e+04  3.703500e+04  NaN  NaN  NaN  NaN
2.215355e-02  1.504656e-03  5.304732e-02  1.135824e+00  6.802477e-01  3.072925e-02  3.821839e+00  5.208062e+06  3.771444e+02  6.768278e-05  5.098000e+04  9.834700e+04  2.577300e+04  3.586500e+04  2.353200e+04  3.711000e+03  NaN  NaN  NaN  NaN
