2.173824e-02  1.343567e-02  9.418236e-02  1.321429e+00  4.268420e-01  4.886718e-02  7.476421e+00  1.168458e+07  4.013152e+02  5.265737e-05  3.241200e+04  7.850000e+02  9.383100e+04  9.400800e+04  3.231400e+04  3.569500e+04  3.303982e-01  1.764361e+01  9.724442e+01  3.840614e+01
1.761900e-03  1.398654e-02  8.690361e-02  1.321429e+00  4.268420e-01  4.886718e-02  7.476421e+00  8.397310e+06  9.344101e+02  6.212425e-05  1.348600e+04  6.743900e+04  9.301400e+04  5.331700e+04  1.149700e+04  6.539700e+04  2.812535e-01  1.491558e+01  9.290773e+01  3.603486e+01
1.298758e-02  1.872331e-02  6.094463e-02  1.321429e+00  4.268420e-01  4.886718e-02  7.476421e+00  1.012108e+07  1.389687e+02  1.481100e-04  6.383500e+04  5.194700e+04  1.397900e+04  6.508800e+04  3.018400e+04  7.101100e+04  2.869175e-01  1.550422e+01  9.268223e+01  3.615779e+01
2.149168e-02  3.511865e-03  5.640105e-02  1.321429e+00  4.268420e-01  4.886718e-02  7.476421e+00  1.215040e+07  1.267571e+02  1.417683e-04  9.730100e+04  7.104400e+04  3.614100e+04  2.934100e+04  1.558400e+04  3.421100e+04  3.983972e-01  2.330539e+01  6.371063e+01  2.913814e+01
1.320231e-02  1.541069e-02  9.221131e-02  1.321429e+00  4.268420e-01  4.886718e-02  7.476421e+00  1.163833e+07  3.599973e+02  1.284813e-04  8.972300e+04  3.187400e+04  3.414200e+04  6.595600e+04  9.603600e+04  2.081200e+04  NaN  NaN  NaN  NaN
1.909387e-02  1.501668e-02  6.910468e-02  1.321429e+00  4.268420e-01  4.886718e-02  7.476421e+00  6.724186e+06  9.129983e+01  1.012972e-04  5.249700e+04  8.898600e+04  7.909000e+04  2.693600e+04  4.063900e+04  9.835600e+04  3.740552e-01  2.360425e+01  1.267754e+02  5.025124e+01
1.363242e-02  2.288990e-02  9.914923e-02  1.321429e+00  4.268420e-01  4.886718e-02  7.476421e+00  8.811394e+06  4.873230e+02  1.306047e-04  4.118000e+04  1.020000e+04  1.454200e+04  6.426500e+04  3.249900e+04  8.229200e+04  3.299718e-01  1.912103e+01  1.175306e+02  4.566052e+01
5.389079e-03  2.884649e-02  6.924025e-02  1.321429e+00  4.268420e-01  4.886718e-02  7.476421e+00  9.236253e+06  2.748234e+02  1.257241e-04  7.996000e+04  6.656000e+04  6.523100e+04  9.806900e+04  9.821300e+04  3.510700e+04  3.352530e-01  2.021834e+01  1.133240e+02  4.462585e+01
1.203345e-02  1.866481e-02  7.823272e-02  1.321429e+00  4.268420e-01  4.886718e-02  7.476421e+00  9.002262e+06  7.555063e+02  8.546159e-05  4.432300e+04  6.220000e+04  9.799900e+04  4.841500e+04  3.782000e+03  1.526600e+04  3.392821e-01  1.944172e+01  1.072497e+02  4.234356e+01
1.592796e-02  4.547566e-03  9.337748e-02  1.321429e+00  4.268420e-01  4.886718e-02  7.476421e+00  8.440650e+06  7.699978e+02  1.214477e-04  9.986900e+04  8.445900e+04  9.079100e+04  9.819000e+03  7.662400e+04  9.653600e+04  3.686500e-01  2.088288e+01  7.093235e+01  3.072796e+01
2.657359e-02  1.918335e-02  6.632098e-02  1.321429e+00  4.268420e-01  4.886718e-02  7.476421e+00  1.430594e+07  9.013821e+02  1.262894e-04  4.100000e+04  5.992600e+04  4.760400e+04  8.267200e+04  3.874900e+04  7.266000e+04  3.164575e-01  1.710789e+01  1.038013e+02  4.040855e+01
1.192283e-02  2.092023e-02  9.723381e-02  1.321429e+00  4.268420e-01  4.886718e-02  7.476421e+00  1.427247e+07  9.471797e+02  5.368763e-05  6.759600e+04  8.795800e+04  9.114100e+04  8.411500e+04  3.167400e+04  2.194300e+04  3.586777e-01  2.206237e+01  1.988238e+02  7.374829e+01
1.206707e-02  2.193862e-02  8.915344e-02  1.321429e+00  4.268420e-01  4.886718e-02  7.476421e+00  6.318958e+06  9.108310e+02  9.853149e-05  2.389100e+04  7.246900e+04  3.819500e+04  1.527200e+04  4.316500e+04  8.672500e+04  3.256220e-01  1.795154e+01  1.124954e+02  4.359085e+01
2.259566e-02  1.412124e-03  7.568132e-02  1.321429e+00  4.268420e-01  4.886718e-02  7.476421e+00  1.201381e+07  9.563017e+02  5.567953e-05  1.855700e+04  9.495300e+04  2.638900e+04  1.577600e+04  4.784100e+04  2.994000e+04  4.906886e-01  3.312364e+01  5.736220e+01  3.032551e+01
1.041345e-02  6.554273e-03  7.338108e-02  1.321429e+00  4.268420e-01  4.886718e-02  7.476421e+00  1.226640e+07  5.031352e+02  5.604972e-05  2.204600e+04  8.954700e+04  6.222300e+04  4.530000e+04  2.327800e+04  9.275300e+04  2.983026e-01  1.613596e+01  7.627846e+01  3.090424e+01
2.477755e-02  2.638659e-02  8.412349e-02  1.321429e+00  4.268420e-01  4.886718e-02  7.476421e+00  1.409885e+07  3.166908e+02  7.927601e-05  7.303000e+04  8.608200e+04  2.904100e+04  2.788500e+04  3.592800e+04  5.984200e+04  3.187660e-01  1.815102e+01  1.110616e+02  4.317714e+01
7.131015e-03  1.118595e-02  6.666875e-02  1.321429e+00  4.268420e-01  4.886718e-02  7.476421e+00  9.721874e+06  8.095856e+02  1.470396e-04  4.932200e+04  8.809700e+04  3.993500e+04  3.137700e+04  3.073300e+04  6.538200e+04  2.995332e-01  1.580635e+01  8.339143e+01  3.316577e+01
1.659488e-02  2.716054e-02  7.160940e-02  1.321429e+00  4.268420e-01  4.886718e-02  7.476421e+00  1.063583e+07  9.337963e+02  1.380658e-04  1.446200e+04  7.644400e+04  2.470800e+04  3.523200e+04  2.295000e+04  4.470100e+04  2.831273e-01  1.544674e+01  1.067912e+02  4.084035e+01
1.060321e-02  4.054414e-03  9.319883e-02  1.321429e+00  4.268420e-01  4.886718e-02  7.476421e+00  7.038105e+06  4.481393e+02  7.432387e-05  6.814800e+04  8.328600e+04  7.620000e+04  3.300800e+04  8.738400e+04  4.917400e+04  3.456117e-01  1.900232e+01  7.309146e+01  3.081313e+01
2.067914e-02  2.379173e-02  5.443226e-02  1.321429e+00  4.268420e-01  4.886718e-02  7.476421e+00  8.315853e+06  1.868103e+02  1.385755e-04  8.676100e+04  1.388500e+04  2.842500e+04  4.686600e+04  8.276000e+03  1.702200e+04  2.992271e-01  1.623480e+01  9.920282e+01  3.857895e+01
8.896306e-03  1.770530e-02  7.978404e-02  1.321429e+00  4.268420e-01  4.886718e-02  7.476421e+00  6.671696e+06  2.637873e+02  9.285887e-05  7.850400e+04  6.413600e+04  3.278800e+04  3.124000e+04  6.071600e+04  2.231600e+04  3.233188e-01  1.942048e+01  1.067708e+02  4.217152e+01
2.096064e-02  1.101444e-02  8.075813e-02  1.321429e+00  4.268420e-01  4.886718e-02  7.476421e+00  1.001993e+07  9.913687e+02  1.239643e-04  8.460000e+03  1.876100e+04  1.700100e+04  3.007100e+04  8.125200e+04  8.027400e+04  2.879663e-01  1.664288e+01  9.236960e+01  3.643348e+01
4.497626e-03  6.843911e-03  6.557086e-02  1.321429e+00  4.268420e-01  4.886718e-02  7.476421e+00  5.273259e+06  4.021824e+02  7.903919e-05  6.733800e+04  2.778600e+04  2.873500e+04  9.899500e+04  1.468400e+04  7.526000e+03  2.950971e-01  1.561749e+01  7.337588e+01  2.976282e+01
2.812653e-02  1.358882e-02  6.244118e-02  1.321429e+00  4.268420e-01  4.886718e-02  7.476421e+00  1.039815e+07  2.480649e+02  1.180702e-04  8.356000e+03  6.431800e+04  5.963800e+04  8.854500e+04  8.471700e+04  8.467300e+04  3.997114e-01  2.420509e+01  1.114060e+02  4.533694e+01
7.029295e-03  2.210649e-02  5.819840e-02  1.321429e+00  4.268420e-01  4.886718e-02  7.476421e+00  1.042025e+07  9.049159e+02  5.682927e-05  6.667000e+03  1.895900e+04  7.307400e+04  1.504000e+04  1.216800e+04  9.459800e+04  2.794319e-01  1.509070e+01  9.496628e+01  3.677880e+01
1.188033e-02  1.630041e-02  9.501571e-02  1.321429e+00  4.268420e-01  4.886718e-02  7.476421e+00  5.527169e+06  6.634837e+02  7.077284e-05  7.122500e+04  5.486200e+04  9.691900e+04  6.112900e+04  6.341000e+04  9.087200e+04  3.142411e-01  1.764848e+01  1.011773e+02  3.971335e+01
1.126566e-03  2.656694e-02  9.407431e-02  1.321429e+00  4.268420e-01  4.886718e-02  7.476421e+00  1.282810e+07  3.057272e+02  5.935805e-05  1.987000e+03  9.967300e+04  2.031000e+03  3.689800e+04  7.397300e+04  2.437100e+04  2.790606e-01  1.484579e+01  1.076044e+02  4.090974e+01
2.821839e-02  1.278013e-02  7.946516e-02  1.321429e+00  4.268420e-01  4.886718e-02  7.476421e+00  5.491445e+06  9.266686e+02  1.102570e-04  5.162800e+04  4.726400e+04  9.843100e+04  4.295900e+04  1.125300e+04  5.493900e+04  3.622524e-01  1.893831e+01  1.001877e+02  3.982941e+01
2.684600e-02  1.138696e-02  7.216838e-02  1.321429e+00  4.268420e-01  4.886718e-02  7.476421e+00  1.015558e+07  3.143186e+02  8.511596e-05  9.710900e+04  6.937700e+04  7.285100e+04  1.363600e+04  6.309100e+04  4.941000e+04  3.400235e-01  1.873447e+01  9.071495e+01  3.659648e+01
5.303789e-04  1.911265e-02  7.915419e-02  1.321429e+00  4.268420e-01  4.886718e-02  7.476421e+00  1.387344e+07  9.698020e+02  1.308887e-04  4.597500e+04  2.229500e+04  4.260000e+02  6.155700e+04  2.889800e+04  4.586000e+03  2.809246e-01  1.478422e+01  1.009019e+02  3.865567e+01
1.914810e-02  2.526272e-02  6.884413e-02  1.321429e+00  4.268420e-01  4.886718e-02  7.476421e+00  8.237895e+06  8.821482e+02  1.190194e-04  8.841500e+04  4.009500e+04  8.604100e+04  1.019900e+04  7.035100e+04  7.027900e+04  3.347781e-01  1.768458e+01  1.114427e+02  4.315401e+01
2.476893e-02  6.846343e-04  8.969774e-02  1.321429e+00  4.268420e-01  4.886718e-02  7.476421e+00  1.309405e+07  7.981538e+02  5.213786e-05  7.505700e+04  8.740000e+02  5.712200e+04  4.986000e+04  2.656300e+04  4.141200e+04  6.282877e-01  4.088866e+01  5.742125e+01  3.297940e+01
2.935537e-02  1.982820e-02  5.025791e-02  1.321429e+00  4.268420e-01  4.886718e-02  7.476421e+00  1.255179e+07  4.847092e+02  1.385868e-04  4.732000e+04  5.052400e+04  4.667100e+04  7.484200e+04  2.365900e+04  1.399800e+04  NaN  NaN  NaN  NaN
1.362454e-02  1.953195e-02  5.578494e-02  1.321429e+00  4.268420e-01  4.886718e-02  7.476421e+00  1.146767e+07  8.054687e+02  1.451248e-04  1.661100e+04  9.682700e+04  3.347100e+04  6.418000e+03  2.120100e+04  1.990100e+04  2.817373e-01  1.540080e+01  9.283134e+01  3.617129e+01
3.362626e-03  1.103019e-02  7.088142e-02  1.321429e+00  4.268420e-01  4.886718e-02  7.476421e+00  1.137907e+07  7.105990e+02  1.195230e-04  7.923600e+04  4.414100e+04  3.496300e+04  8.647900e+04  6.810100e+04  2.674300e+04  2.791921e-01  1.500606e+01  8.071679e+01  3.200068e+01
4.675555e-03  5.527570e-03  6.474971e-02  1.321429e+00  4.268420e-01  4.886718e-02  7.476421e+00  8.908800e+06  9.490691e+02  7.745956e-05  8.205300e+04  7.528200e+04  6.330900e+04  8.810200e+04  1.639100e+04  3.940400e+04  3.305146e-01  1.833632e+01  1.327073e+02  5.045804e+01
2.779532e-02  2.625648e-02  5.361931e-02  1.321429e+00  4.268420e-01  4.886718e-02  7.476421e+00  1.234712e+07  9.668687e+02  7.390760e-05  1.984700e+04  2.509300e+04  5.438100e+04  7.482000e+03  9.900400e+04  7.051700e+04  2.796899e-01  1.568230e+01  1.044112e+02  4.012441e+01
6.163239e-03  5.854265e-03  5.102143e-02  1.321429e+00  4.268420e-01  4.886718e-02  7.476421e+00  1.393514e+07  4.157239e+02  9.711298e-05  5.200700e+04  3.814000e+04  3.593400e+04  5.298400e+04  1.389900e+04  7.508000e+04  3.499738e-01  2.226057e+01  1.033180e+02  4.197618e+01
1.415468e-02  1.832739e-02  9.206821e-02  1.321429e+00  4.268420e-01  4.886718e-02  7.476421e+00  1.216633e+07  9.971503e+02  1.281126e-04  7.409100e+04  5.068600e+04  7.620200e+04  9.808500e+04  1.691400e+04  9.797400e+04  3.500995e-01  2.023708e+01  1.180556e+02  4.621427e+01
1.721125e-02  2.059147e-02  8.296136e-02  1.321429e+00  4.268420e-01  4.886718e-02  7.476421e+00  1.315642e+07  5.722156e+02  9.305526e-05  2.207200e+04  6.234800e+04  3.760800e+04  8.992000e+03  3.470000e+02  3.619300e+04  3.416090e-01  2.081750e+01  2.105303e+02  7.722979e+01
1.157949e-02  1.922462e-02  7.179208e-02  1.321429e+00  4.268420e-01  4.886718e-02  7.476421e+00  5.607021e+06  7.535533e+02  1.189882e-04  8.969400e+04  6.453900e+04  7.395000e+03  7.697000e+04  4.916500e+04  7.206000e+04  2.758012e-01  1.520265e+01  9.551802e+01  3.699882e+01
1.583518e-02  2.573902e-02  5.700543e-02  1.321429e+00  4.268420e-01  4.886718e-02  7.476421e+00  5.533800e+06  4.873551e+02  1.005546e-04  3.114000e+04  6.903000e+04  5.604700e+04  8.749800e+04  1.518000e+04  1.626700e+04  3.007674e-01  1.600870e+01  1.006421e+02  3.898386e+01
1.099957e-02  1.596877e-02  7.886028e-02  1.321429e+00  4.268420e-01  4.886718e-02  7.476421e+00  1.158583e+07  3.225914e+02  1.116858e-04  6.372100e+04  5.472400e+04  1.588500e+04  1.870300e+04  7.623100e+04  5.306400e+04  2.779612e-01  1.542879e+01  9.728517e+01  3.766398e+01
1.824366e-02  1.866952e-02  8.664370e-02  1.321429e+00  4.268420e-01  4.886718e-02  7.476421e+00  1.000624e+07  3.978783e+02  1.110048e-04  1.747700e+04  7.349100e+04  8.326600e+04  6.173000e+03  1.292200e+04  8.172300e+04  3.042754e-01  1.633112e+01  1.036533e+02  4.009623e+01
6.941043e-04  1.639710e-02  5.419962e-02  1.321429e+00  4.268420e-01  4.886718e-02  7.476421e+00  1.113882e+07  2.252664e+02  5.422752e-05  2.600200e+04  6.854200e+04  8.875700e+04  9.783200e+04  7.914500e+04  4.001100e+04  2.818986e-01  1.478729e+01  8.893781e+01  3.466900e+01
1.036152e-02  6.111706e-03  7.253226e-02  1.321429e+00  4.268420e-01  4.886718e-02  7.476421e+00  1.142471e+07  9.261770e+02  1.330890e-04  8.957800e+04  5.449300e+04  8.134100e+04  6.481500e+04  4.037200e+04  5.935200e+04  3.264036e-01  1.751407e+01  7.544884e+01  3.109644e+01
5.347162e-03  2.048345e-02  9.045476e-02  1.321429e+00  4.268420e-01  4.886718e-02  7.476421e+00  7.499082e+06  3.963825e+02  7.493442e-05  8.373900e+04  4.161500e+04  3.667000e+03  1.532600e+04  2.124000e+03  1.316100e+04  2.974755e-01  1.571637e+01  1.024340e+02  3.948260e+01
1.101845e-02  2.300008e-02  6.459842e-02  1.321429e+00  4.268420e-01  4.886718e-02  7.476421e+00  1.266217e+07  2.653300e+01  1.224767e-04  6.486400e+04  3.213700e+04  2.112100e+04  9.728600e+04  7.751200e+04  1.119300e+04  3.802231e-01  2.815957e+01  1.355565e+02  5.469876e+01
2.837428e-02  3.601055e-03  5.596734e-02  1.321429e+00  4.268420e-01  4.886718e-02  7.476421e+00  8.983623e+06  9.790440e+01  6.034922e-05  9.027600e+04  1.462600e+04  5.422100e+04  4.155100e+04  1.640600e+04  9.603500e+04  5.041930e-01  3.235505e+01  1.011718e+02  4.467701e+01
9.379640e-04  3.689510e-03  7.491693e-02  1.321429e+00  4.268420e-01  4.886718e-02  7.476421e+00  1.464267e+07  6.964690e+02  1.193137e-04  5.668500e+04  2.167000e+04  3.828000e+03  4.478800e+04  5.180000e+04  5.183200e+04  2.970771e-01  1.535429e+01  6.323121e+01  2.629419e+01
2.254149e-02  2.679155e-03  9.904613e-02  1.321429e+00  4.268420e-01  4.886718e-02  7.476421e+00  7.559208e+06  9.995668e+02  1.272210e-04  4.818500e+04  8.299500e+04  7.195500e+04  6.705400e+04  4.628700e+04  5.391600e+04  4.557351e-01  2.717292e+01  7.146007e+01  3.302958e+01
3.344192e-03  8.519418e-03  5.124246e-02  1.321429e+00  4.268420e-01  4.886718e-02  7.476421e+00  1.318261e+07  3.070945e+02  1.099253e-04  5.416100e+04  9.066800e+04  4.786000e+03  4.557600e+04  3.591700e+04  9.256500e+04  3.319823e-01  2.123990e+01  2.101235e+02  7.723180e+01
1.237845e-02  3.625259e-03  8.266749e-02  1.321429e+00  4.268420e-01  4.886718e-02  7.476421e+00  1.323690e+07  7.588763e+02  1.266546e-04  6.248400e+04  7.082600e+04  3.145000e+04  8.558500e+04  2.309800e+04  9.444100e+04  3.341924e-01  1.894766e+01  6.844206e+01  2.924130e+01
1.655111e-02  2.307114e-03  6.011564e-02  1.321429e+00  4.268420e-01  4.886718e-02  7.476421e+00  1.181665e+07  9.671077e+02  1.008707e-04  5.686200e+04  2.789700e+04  1.717200e+04  9.490300e+04  8.327900e+04  2.785500e+04  4.324705e-01  2.239085e+01  5.863881e+01  2.715404e+01
1.350822e-02  4.649402e-04  7.958389e-02  1.321429e+00  4.268420e-01  4.886718e-02  7.476421e+00  1.290435e+07  7.745114e+02  1.203160e-04  7.666000e+03  7.389600e+04  5.850600e+04  4.715800e+04  5.590800e+04  8.557900e+04  5.800148e-01  3.312241e+01  3.802162e+01  2.390801e+01
3.655362e-03  2.531482e-03  8.156476e-02  1.321429e+00  4.268420e-01  4.886718e-02  7.476421e+00  1.439711e+07  8.668025e+02  1.441777e-04  5.165700e+04  6.522200e+04  7.317000e+04  6.055900e+04  5.319000e+04  4.264800e+04  2.923226e-01  1.600539e+01  5.799830e+01  2.476534e+01
1.561550e-02  9.195741e-04  8.209691e-02  1.321429e+00  4.268420e-01  4.886718e-02  7.476421e+00  1.404860e+07  6.429710e+02  1.209887e-04  2.390000e+02  8.645000e+04  9.658200e+04  9.120800e+04  4.973400e+04  4.071100e+04  4.560833e-01  2.513225e+01  4.855631e+01  2.471488e+01
9.760600e-03  5.875586e-04  7.336144e-02  1.321429e+00  4.268420e-01  4.886718e-02  7.476421e+00  1.041256e+07  8.549055e+02  1.492235e-04  5.269500e+04  7.635500e+04  2.491400e+04  5.952600e+04  5.602500e+04  9.532000e+04  4.306065e-01  2.661921e+01  3.753645e+01  2.152875e+01
1.795664e-02  3.200160e-03  5.495360e-02  1.321429e+00  4.268420e-01  4.886718e-02  7.476421e+00  1.483744e+07  2.538875e+02  1.474731e-04  2.025000e+04  3.238000e+04  7.292400e+04  4.527000e+04  9.387700e+04  7.167300e+04  3.633025e-01  1.927781e+01  6.002225e+01  2.655446e+01
1.513587e-03  1.222679e-03  6.810353e-02  1.321429e+00  4.268420e-01  4.886718e-02  7.476421e+00  1.386062e+07  7.507657e+02  7.428505e-05  1.876600e+04  4.231500e+04  3.196200e+04  3.946000e+03  7.552100e+04  9.130400e+04  3.542410e-01  2.052228e+01  5.013020e+01  2.366891e+01
1.838994e-03  1.092592e-04  7.952012e-02  1.321429e+00  4.268420e-01  4.886718e-02  7.476421e+00  1.429060e+07  8.958945e+02  1.444774e-04  3.496200e+04  9.563900e+04  1.104200e+04  7.753800e+04  7.591000e+03  9.253000e+04  4.898285e-01  2.092691e+01  1.914654e+01  1.352109e+01
1.419800e-02  1.118248e-03  9.315229e-02  1.321429e+00  4.268420e-01  4.886718e-02  7.476421e+00  1.054607e+07  3.819682e+02  1.499178e-04  8.667200e+04  5.908300e+04  6.081200e+04  9.731700e+04  2.427000e+04  1.602800e+04  4.945924e-01  2.861007e+01  5.569782e+01  2.826749e+01
7.950343e-03  6.742715e-04  7.315787e-02  1.321429e+00  4.268420e-01  4.886718e-02  7.476421e+00  9.724221e+06  3.743758e+01  1.229896e-04  3.215600e+04  2.496500e+04  2.260900e+04  6.436000e+03  8.036300e+04  4.599200e+04  4.273751e-01  2.466927e+01  3.840863e+01  2.116842e+01
2.662136e-02  1.607802e-03  5.368605e-02  1.321429e+00  4.268420e-01  4.886718e-02  7.476421e+00  1.497895e+07  1.620571e+02  1.332280e-04  8.123300e+04  3.574000e+04  4.900600e+04  1.340100e+04  5.593500e+04  5.158400e+04  6.904119e-01  7.378836e+01  2.471388e+02  1.072059e+02
3.244404e-03  9.200112e-05  9.044967e-02  1.321429e+00  4.268420e-01  4.886718e-02  7.476421e+00  1.487949e+07  9.395831e+02  1.485090e-04  4.385600e+04  1.066100e+04  4.156400e+04  9.603600e+04  6.803400e+04  8.330000e+02  6.635380e-01  2.999433e+01  2.197610e+01  1.754466e+01
1.671789e-04  2.584115e-04  8.273025e-02  1.321429e+00  4.268420e-01  4.886718e-02  7.476421e+00  1.329320e+07  5.229841e+02  1.163452e-04  7.360900e+04  2.078600e+04  3.106200e+04  5.992500e+04  7.983100e+04  8.701900e+04  2.748483e-01  1.421666e+01  2.200274e+01  1.216475e+01
1.210354e-02  5.673560e-05  7.090424e-02  1.321429e+00  4.268420e-01  4.886718e-02  7.476421e+00  1.498114e+07  2.749218e+02  8.544638e-05  8.686700e+04  4.433800e+04  7.497400e+04  9.271400e+04  4.727000e+04  4.295300e+04  1.695397e+00  1.227118e+02  2.488236e+01  4.976320e+01
6.036179e-03  2.488667e-05  5.411739e-02  1.321429e+00  4.268420e-01  4.886718e-02  7.476421e+00  8.255283e+06  3.458350e+02  1.349995e-04  9.738400e+04  4.645000e+04  6.804200e+04  9.249200e+04  3.316400e+04  4.786200e+04  1.781368e+00  1.783815e+02  1.480459e+01  6.498916e+01
1.543476e-02  4.155240e-03  6.069227e-02  1.321429e+00  4.268420e-01  4.886718e-02  7.476421e+00  1.399862e+07  4.967625e+02  8.217568e-05  6.136100e+04  1.997400e+04  2.253900e+04  1.024200e+04  5.214800e+04  1.710900e+04  2.674127e-01  1.636154e+01  6.208601e+01  2.623832e+01
4.161117e-03  7.439581e-04  8.240922e-02  1.321429e+00  4.268420e-01  4.886718e-02  7.476421e+00  1.301508e+07  2.702436e+02  1.117869e-04  7.667500e+04  4.141600e+04  2.781200e+04  5.710900e+04  1.082300e+04  5.945600e+04  3.492792e-01  1.885513e+01  3.852336e+01  1.924259e+01
2.622502e-04  4.461588e-04  9.548413e-02  1.321429e+00  4.268420e-01  4.886718e-02  7.476421e+00  1.380427e+07  2.164719e+02  5.184570e-05  2.539900e+04  2.061000e+04  3.581800e+04  3.330000e+04  9.626000e+04  1.092100e+04  3.591883e-01  2.260639e+01  1.897922e+02  7.091926e+01
3.334771e-04  8.907545e-05  5.631818e-02  1.321429e+00  4.268420e-01  4.886718e-02  7.476421e+00  1.454252e+07  3.262231e+02  1.312874e-04  9.180000e+02  7.791200e+04  5.893000e+04  6.775900e+04  3.032300e+04  4.129700e+04  1.972067e-01  1.851662e+00  1.271480e+00  1.106783e+00
7.725423e-04  1.559516e-04  9.835316e-02  1.321429e+00  4.268420e-01  4.886718e-02  7.476421e+00  1.452595e+07  5.969404e+02  6.513056e-05  4.198100e+04  1.548500e+04  1.852900e+04  2.628500e+04  9.502800e+04  3.250700e+04  3.107275e-01  1.557572e+01  2.040510e+01  1.209718e+01
2.148577e-03  1.936289e-04  8.288541e-02  1.321429e+00  4.268420e-01  4.886718e-02  7.476421e+00  9.999213e+06  4.899547e+02  1.451753e-04  5.810500e+04  3.045100e+04  6.214600e+04  4.863200e+04  7.436600e+04  5.365300e+04  3.930641e-01  1.889509e+01  2.185971e+01  1.371596e+01
9.252760e-03  2.712874e-03  6.719966e-02  1.321429e+00  4.268420e-01  4.886718e-02  7.476421e+00  1.131435e+07  4.250548e+02  6.831932e-05  9.913500e+04  1.200200e+04  2.191200e+04  3.440400e+04  6.250000e+04  6.421700e+04  2.978209e-01  1.711262e+01  5.607003e+01  2.449349e+01
1.048919e-03  4.304103e-04  5.958467e-02  1.321429e+00  4.268420e-01  4.886718e-02  7.476421e+00  1.386774e+07  3.450696e+02  1.239684e-04  6.059500e+04  4.829500e+04  7.230000e+02  4.093300e+04  1.598900e+04  6.021100e+04  4.347263e-01  2.798669e+01  1.774036e+02  6.860836e+01
1.619135e-04  4.117584e-04  7.650448e-02  1.321429e+00  4.268420e-01  4.886718e-02  7.476421e+00  1.467755e+07  4.241878e+02  1.342077e-04  1.169000e+04  4.635400e+04  4.972700e+04  5.648700e+04  9.413000e+03  8.721800e+04  3.072921e-01  1.536103e+01  2.785886e+01  1.450906e+01
1.584130e-03  2.699501e-04  9.207027e-02  1.321429e+00  4.268420e-01  4.886718e-02  7.476421e+00  1.438990e+07  7.250308e+02  9.307276e-05  2.620000e+02  2.957700e+04  9.672900e+04  6.496200e+04  6.314900e+04  4.165000e+03  3.968369e-01  1.989198e+01  2.638999e+01  1.555960e+01
2.284847e-03  3.992187e-04  7.389968e-02  1.321429e+00  4.268420e-01  4.886718e-02  7.476421e+00  1.434179e+07  4.159282e+02  1.413069e-04  6.107800e+04  2.357100e+04  4.151600e+04  5.280000e+02  8.577500e+04  1.209000e+04  3.694682e-01  1.982882e+01  2.882114e+01  1.633981e+01
1.255135e-02  7.313246e-05  8.166266e-02  1.321429e+00  4.268420e-01  4.886718e-02  7.476421e+00  9.405283e+06  5.975563e+02  1.464978e-04  3.332700e+04  4.064000e+03  9.692900e+04  4.298100e+04  8.081200e+04  2.965900e+04  1.898342e+00  2.541946e+02  3.649312e+01  9.752868e+01
9.347865e-04  6.711192e-04  8.119414e-02  1.321429e+00  4.268420e-01  4.886718e-02  7.476421e+00  1.463431e+07  7.136796e+02  6.484807e-05  4.443300e+04  1.707400e+04  6.446500e+04  3.896300e+04  2.516000e+04  4.485500e+04  2.931706e-01  1.561962e+01  3.577048e+01  1.722776e+01
2.758878e-03  4.741533e-04  8.176966e-02  1.321429e+00  4.268420e-01  4.886718e-02  7.476421e+00  9.085129e+06  2.138119e+02  1.219655e-04  7.994800e+04  2.858300e+04  3.904800e+04  3.989700e+04  8.705500e+04  9.450900e+04  4.098148e-01  2.531820e+01  5.283087e+01  2.618630e+01
1.184728e-03  1.485529e-03  8.081829e-02  1.321429e+00  4.268420e-01  4.886718e-02  7.476421e+00  1.451304e+07  2.543700e+02  1.347675e-04  9.170000e+03  3.835000e+04  3.658700e+04  1.334900e+04  4.176100e+04  2.460000e+02  3.322700e-01  1.665814e+01  4.726319e+01  2.141787e+01
3.986694e-04  9.449823e-05  8.190566e-02  1.321429e+00  4.268420e-01  4.886718e-02  7.476421e+00  8.062631e+06  9.431592e+02  9.606462e-05  1.925200e+04  3.060400e+04  2.356900e+04  2.113900e+04  8.137000e+04  4.017100e+04  2.330192e-01  7.212361e+00  8.009171e+00  5.151517e+00
3.917143e-03  2.000571e-03  6.384131e-02  1.321429e+00  4.268420e-01  4.886718e-02  7.476421e+00  9.967258e+06  1.854992e+02  1.075355e-04  2.191500e+04  6.926800e+04  7.374000e+04  7.771300e+04  3.142000e+04  9.444200e+04  3.448613e-01  1.762397e+01  5.113926e+01  2.303603e+01
2.079320e-03  3.844179e-04  8.160198e-02  1.321429e+00  4.268420e-01  4.886718e-02  7.476421e+00  7.412684e+06  8.583220e+02  7.070400e-05  4.248800e+04  3.039200e+04  4.291200e+04  2.477600e+04  5.583800e+04  6.849700e+04  3.664908e-01  1.820713e+01  2.916792e+01  1.591385e+01
1.953420e-03  2.331916e-04  8.076690e-02  1.321429e+00  4.268420e-01  4.886718e-02  7.476421e+00  1.458633e+07  1.109244e+02  1.317261e-04  8.920900e+04  3.552500e+04  1.237200e+04  4.644900e+04  5.284300e+04  5.895700e+04  4.137328e-01  2.026403e+01  2.505936e+01  1.524571e+01
1.326424e-03  2.479323e-04  8.070086e-02  1.321429e+00  4.268420e-01  4.886718e-02  7.476421e+00  1.071958e+07  7.455607e+02  1.288081e-04  1.875800e+04  4.181100e+04  5.665800e+04  2.307000e+04  6.315100e+04  8.253800e+04  3.100933e-01  1.615201e+01  2.359116e+01  1.335109e+01
1.537248e-03  3.224530e-04  8.050544e-02  1.321429e+00  4.268420e-01  4.886718e-02  7.476421e+00  1.182933e+07  9.881923e+02  7.417330e-05  6.277500e+04  4.804100e+04  3.019400e+04  5.403500e+04  9.763400e+04  8.086600e+04  3.582012e-01  1.760771e+01  2.718916e+01  1.505169e+01
1.886093e-03  2.632713e-04  7.997544e-02  1.321429e+00  4.268420e-01  4.886718e-02  7.476421e+00  1.400014e+07  1.777961e+02  1.065283e-04  9.550000e+04  4.988000e+04  1.771700e+04  1.637400e+04  6.409600e+04  9.383500e+04  4.124880e-01  2.485131e+01  5.723035e+01  2.749805e+01
2.328621e-03  2.924694e-04  7.967525e-02  1.321429e+00  4.268420e-01  4.886718e-02  7.476421e+00  1.059786e+07  1.450792e+02  6.968132e-05  4.525800e+04  8.111800e+04  2.123100e+04  2.845400e+04  6.937700e+04  8.267400e+04  3.711559e-01  1.916748e+01  2.598629e+01  1.517497e+01
1.521232e-03  1.155281e-05  8.072168e-02  1.321429e+00  4.268420e-01  4.886718e-02  7.476421e+00  6.467407e+06  6.512521e+02  7.852022e-05  6.181700e+04  2.205400e+04  8.142300e+04  9.984200e+04  3.529400e+04  2.557000e+04  8.605446e-01  2.971290e+01  4.329546e+00  1.163433e+01
5.847926e-04  1.826320e-04  8.036937e-02  1.321429e+00  4.268420e-01  4.886718e-02  7.476421e+00  1.397746e+07  2.333514e+02  6.034839e-05  9.242600e+04  1.147500e+04  7.139800e+04  6.463500e+04  4.310700e+04  1.407100e+04  2.967576e-01  1.407575e+01  1.893401e+01  1.110217e+01
1.344880e-03  8.953168e-05  8.014815e-02  1.321429e+00  4.268420e-01  4.886718e-02  7.476421e+00  7.083929e+06  9.652404e+02  7.084719e-05  9.996400e+04  7.563100e+04  9.593300e+04  6.035400e+04  8.638300e+04  4.689200e+04  4.610452e-01  1.886143e+01  1.320163e+01  1.084137e+01
1.657432e-03  1.792508e-04  8.036205e-02  1.321429e+00  4.268420e-01  4.886718e-02  7.476421e+00  7.685846e+06  6.865678e+02  1.470227e-04  1.603900e+04  1.666000e+03  6.523000e+04  2.930800e+04  7.389500e+04  6.753800e+04  3.559041e-01  1.790528e+01  2.062257e+01  1.296125e+01
1.670485e-03  2.632492e-04  8.040031e-02  1.321429e+00  4.268420e-01  4.886718e-02  7.476421e+00  1.036434e+07  7.952387e+01  1.377114e-04  7.862000e+04  5.325300e+04  6.415100e+04  4.846700e+04  6.417200e+04  9.064800e+04  3.561087e-01  1.914822e+01  2.698378e+01  1.549604e+01
1.465159e-03  2.323592e-04  8.051669e-02  1.321429e+00  4.268420e-01  4.886718e-02  7.476421e+00  1.438431e+07  9.330605e+02  1.345780e-04  9.671900e+04  5.672600e+04  1.315400e+04  1.516700e+04  3.541000e+04  5.252700e+04  3.031036e-01  1.573888e+01  2.171562e+01  1.258587e+01
1.986506e-03  1.848969e-04  8.004897e-02  1.321429e+00  4.268420e-01  4.886718e-02  7.476421e+00  7.410111e+06  1.607121e+02  8.386633e-05  5.098000e+04  9.834700e+04  2.577300e+04  3.586500e+04  2.353200e+04  3.711000e+03  3.796874e-01  1.997628e+01  2.262933e+01  1.432843e+01
7.439258e-04  2.274752e-04  7.948912e-02  1.321429e+00  4.268420e-01  4.886718e-02  7.476421e+00  1.438122e+07  1.678004e+02  1.415087e-04  8.820900e+04  3.547400e+04  9.082000e+04  7.346600e+04  3.531700e+04  5.366300e+04  3.257116e-01  1.587684e+01  2.247686e+01  1.289314e+01
9.402386e-04  1.339544e-04  8.038661e-02  1.321429e+00  4.268420e-01  4.886718e-02  7.476421e+00  1.014890e+07  3.494280e+02  7.849512e-05  7.589000e+03  7.467200e+04  9.540900e+04  3.987500e+04  7.733700e+04  8.868500e+04  3.895970e-01  2.408199e+01  3.252406e+01  1.899855e+01
3.241649e-04  5.233241e-04  5.771474e-02  1.321429e+00  4.268420e-01  4.886718e-02  7.476421e+00  1.256804e+07  2.734696e+02  6.155842e-05  7.969000e+04  4.144000e+03  3.638000e+04  3.044800e+04  3.400900e+04  7.966000e+04  NaN  NaN  NaN  NaN
9.123714e-04  1.939727e-04  9.091389e-02  1.321429e+00  4.268420e-01  4.886718e-02  7.476421e+00  8.651416e+06  2.388809e+02  1.190353e-04  3.494300e+04  8.589000e+04  6.252000e+04  2.059800e+04  5.855600e+04  8.563500e+04  NaN  NaN  NaN  NaN
1.396663e-03  1.578764e-04  8.049992e-02  1.321429e+00  4.268420e-01  4.886718e-02  7.476421e+00  1.220428e+07  2.990189e+02  8.744228e-05  6.305700e+04  2.803700e+04  3.046300e+04  6.939000e+03  2.237400e+04  6.984400e+04  NaN  NaN  NaN  NaN
