0.000000e+00  0.000000e+00  0.000000e+00  1.632967e+00  4.268420e-01  4.886718e-02  7.476421e+00  6.383500e+04  5.194700e+04  1.397900e+04  2.798534e-01  9.795224e-01  1.000000e+00  2.798534e-01
0.000000e+00  0.000000e+00  0.000000e+00  6.046194e-02  4.268420e-01  4.886718e-02  7.476421e+00  3.241200e+04  7.850000e+02  9.383100e+04  7.693613e-01  9.999954e-01  1.000000e+00  7.693613e-01
0.000000e+00  0.000000e+00  0.000000e+00  2.088430e+00  4.268420e-01  4.886718e-02  7.476421e+00  1.348600e+04  6.743900e+04  9.301400e+04  3.991127e-01  9.590170e-01  1.000000e+00  3.991127e-01
0.000000e+00  0.000000e+00  0.000000e+00  1.098499e-01  4.268420e-01  4.886718e-02  7.476421e+00  9.730100e+04  7.104400e+04  3.614100e+04  6.375867e-01  9.998213e-01  1.000000e+00  6.375867e-01
0.000000e+00  0.000000e+00  0.000000e+00  1.149393e+00  4.268420e-01  4.886718e-02  7.476421e+00  3.421100e+04  6.070600e+04  5.348900e+04  1.221311e-01  9.930618e-01  1.000000e+00  1.221311e-01
0.000000e+00  0.000000e+00  0.000000e+00  3.645389e+00  4.268420e-01  4.886718e-02  7.476421e+00  3.569500e+04  1.897100e+04  3.684600e+04  6.985413e-01  8.562855e-01  1.000000e+00  6.985413e-01
0.000000e+00  0.000000e+00  0.000000e+00  3.212135e+00  4.268420e-01  4.886718e-02  7.476421e+00  7.101100e+04  4.429100e+04  3.971900e+04  6.267496e-01  8.881062e-01  1.000000e+00  6.267496e-01
0.000000e+00  0.000000e+00  0.000000e+00  4.250837e+00  4.268420e-01  4.886718e-02  7.476421e+00  6.539700e+04  2.620700e+04  9.624600e+04  7.888951e-01  8.092663e-01  1.000000e+00  7.888951e-01
0.000000e+00  0.000000e+00  0.000000e+00  2.313486e+00  4.268420e-01  4.886718e-02  7.476421e+00  1.454200e+04  6.426500e+04  3.249900e+04  4.509793e-01  9.467425e-01  1.000000e+00  4.509793e-01
0.000000e+00  0.000000e+00  0.000000e+00  2.082582e-01  4.268420e-01  4.886718e-02  7.476421e+00  3.414200e+04  6.595600e+04  9.603600e+04  4.727582e-01  9.991970e-01  1.000000e+00  4.727582e-01
0.000000e+00  0.000000e+00  0.000000e+00  2.935596e+00  4.268420e-01  4.886718e-02  7.476421e+00  6.523100e+04  9.806900e+04  9.821300e+04  5.770585e-01  9.074553e-01  1.000000e+00  5.770585e-01
0.000000e+00  0.000000e+00  0.000000e+00  2.935596e+00  4.268420e-01  4.886718e-02  7.476421e+00  7.909000e+04  2.693600e+04  4.063900e+04  5.770585e-01  9.074553e-01  1.000000e+00  5.770585e-01
0.000000e+00  0.000000e+00  0.000000e+00  4.405742e+00  4.268420e-01  4.886718e-02  7.476421e+00  2.005100e+04  9.986900e+04  8.445900e+04  8.104544e-01  7.969208e-01  1.000000e+00  8.104544e-01
0.000000e+00  0.000000e+00  0.000000e+00  5.813675e-01  4.268420e-01  4.886718e-02  7.476421e+00  9.750000e+02  4.432300e+04  6.220000e+04  1.462925e-01  9.976155e-01  1.000000e+00  1.462925e-01
0.000000e+00  0.000000e+00  0.000000e+00  1.810589e+00  4.268420e-01  4.886718e-02  7.476421e+00  8.486300e+04  6.759600e+04  8.795800e+04  3.289943e-01  9.722966e-01  1.000000e+00  3.289943e-01
0.000000e+00  0.000000e+00  0.000000e+00  1.059545e+00  4.268420e-01  4.886718e-02  7.476421e+00  5.706800e+04  4.100000e+04  5.992600e+04  8.755914e-02  9.944691e-01  1.000000e+00  8.755914e-02
0.000000e+00  0.000000e+00  0.000000e+00  1.406708e+00  4.268420e-01  4.886718e-02  7.476421e+00  7.662400e+04  9.653600e+04  9.843300e+04  2.111265e-01  9.870656e-01  1.000000e+00  2.111265e-01
0.000000e+00  0.000000e+00  0.000000e+00  2.176984e+00  4.268420e-01  4.886718e-02  7.476421e+00  3.782000e+03  1.526600e+04  1.986000e+03  4.199946e-01  9.543505e-01  1.000000e+00  4.199946e-01
0.000000e+00  0.000000e+00  0.000000e+00  3.883850e+00  4.268420e-01  4.886718e-02  7.476421e+00  3.167400e+04  2.194300e+04  9.334300e+04  7.353746e-01  8.380272e-01  1.000000e+00  7.353746e-01
0.000000e+00  0.000000e+00  0.000000e+00  7.698956e-01  4.268420e-01  4.886718e-02  7.476421e+00  3.874900e+04  7.266000e+04  8.998400e+04  4.129898e-02  9.968921e-01  1.000000e+00  4.129898e-02
0.000000e+00  0.000000e+00  0.000000e+00  2.543295e+00  4.268420e-01  4.886718e-02  7.476421e+00  9.495300e+04  2.638900e+04  1.577600e+04  5.002000e-01  9.330287e-01  1.000000e+00  5.002000e-01
0.000000e+00  0.000000e+00  0.000000e+00  1.511606e+00  4.268420e-01  4.886718e-02  7.476421e+00  7.246900e+04  3.819500e+04  1.527200e+04  2.439402e-01  9.838104e-01  1.000000e+00  2.439402e-01
0.000000e+00  0.000000e+00  0.000000e+00  2.431404e+00  4.268420e-01  4.886718e-02  7.476421e+00  8.608200e+04  2.904100e+04  2.788500e+04  4.766696e-01  9.397906e-01  1.000000e+00  4.766696e-01
0.000000e+00  0.000000e+00  0.000000e+00  9.933827e-01  4.268420e-01  4.886718e-02  7.476421e+00  8.954700e+04  6.222300e+04  4.530000e+04  6.068129e-02  9.952831e-01  1.000000e+00  6.068129e-02
0.000000e+00  0.000000e+00  0.000000e+00  4.185575e+00  4.268420e-01  4.886718e-02  7.476421e+00  9.600900e+04  9.145300e+04  8.676100e+04  7.796364e-01  8.144358e-01  1.000000e+00  7.796364e-01
0.000000e+00  0.000000e+00  0.000000e+00  2.782776e+00  4.268420e-01  4.886718e-02  7.476421e+00  2.873000e+04  1.776600e+04  4.932200e+04  5.480849e-01  9.177090e-01  1.000000e+00  5.480849e-01
0.000000e+00  0.000000e+00  0.000000e+00  2.112369e+00  4.268420e-01  4.886718e-02  7.476421e+00  4.618900e+04  3.692300e+04  7.850400e+04  4.048217e-01  9.577762e-01  1.000000e+00  4.048217e-01
0.000000e+00  0.000000e+00  0.000000e+00  2.858415e+00  4.268420e-01  4.886718e-02  7.476421e+00  7.185200e+04  6.458000e+04  1.446200e+04  5.625696e-01  9.126781e-01  1.000000e+00  5.625696e-01
0.000000e+00  0.000000e+00  0.000000e+00  1.875793e+00  4.268420e-01  4.886718e-02  7.476421e+00  4.686600e+04  8.276000e+03  1.702200e+04  3.461334e-01  9.693819e-01  1.000000e+00  3.461334e-01
0.000000e+00  0.000000e+00  0.000000e+00  3.837172e-01  4.268420e-01  4.886718e-02  7.476421e+00  3.137700e+04  3.073300e+04  6.538200e+04  2.886067e-01  9.983303e-01  1.000000e+00  2.886067e-01
0.000000e+00  0.000000e+00  0.000000e+00  1.318783e+00  4.268420e-01  4.886718e-02  7.476421e+00  3.124000e+04  6.071600e+04  2.231600e+04  1.821905e-01  9.894358e-01  1.000000e+00  1.821905e-01
0.000000e+00  0.000000e+00  0.000000e+00  3.397822e+00  4.268420e-01  4.886718e-02  7.476421e+00  3.523200e+04  2.295000e+04  4.470100e+04  6.583517e-01  8.746724e-01  1.000000e+00  6.583517e-01
0.000000e+00  0.000000e+00  0.000000e+00  2.097353e+00  4.268420e-01  4.886718e-02  7.476421e+00  8.356000e+03  6.431800e+04  5.963800e+04  4.012462e-01  9.585563e-01  1.000000e+00  4.012462e-01
0.000000e+00  0.000000e+00  0.000000e+00  3.091344e+00  4.268420e-01  4.886718e-02  7.476421e+00  6.814800e+04  8.328600e+04  7.620000e+04  6.054534e-01  8.966626e-01  1.000000e+00  6.054534e-01
0.000000e+00  0.000000e+00  0.000000e+00  4.662557e+00  4.268420e-01  4.886718e-02  7.476421e+00  6.667000e+03  1.895900e+04  7.307400e+04  8.449831e-01  7.762582e-01  1.000000e+00  8.449831e-01
0.000000e+00  0.000000e+00  0.000000e+00  2.973536e-01  4.268420e-01  4.886718e-02  7.476421e+00  6.733800e+04  2.778600e+04  2.873500e+04  3.688809e-01  9.987153e-01  1.000000e+00  3.688809e-01
0.000000e+00  0.000000e+00  0.000000e+00  4.579394e+00  4.268420e-01  4.886718e-02  7.476421e+00  8.467300e+04  7.553800e+04  6.472200e+04  8.339607e-01  7.829725e-01  1.000000e+00  8.339607e-01
0.000000e+00  0.000000e+00  0.000000e+00  3.000500e+00  4.268420e-01  4.886718e-02  7.476421e+00  4.917400e+04  6.435300e+04  5.950800e+04  5.890245e-01  9.029937e-01  1.000000e+00  5.890245e-01
0.000000e+00  0.000000e+00  0.000000e+00  4.685480e+00  4.268420e-01  4.886718e-02  7.476421e+00  9.459800e+04  3.693500e+04  3.236100e+04  8.479954e-01  7.744041e-01  1.000000e+00  8.479954e-01
0.000000e+00  0.000000e+00  0.000000e+00  6.083062e-01  4.268420e-01  4.886718e-02  7.476421e+00  7.526000e+03  1.900000e+04  9.235700e+04  1.298600e-01  9.975230e-01  1.000000e+00  1.298600e-01
0.000000e+00  0.000000e+00  0.000000e+00  4.438324e+00  4.268420e-01  4.886718e-02  7.476421e+00  9.843100e+04  4.295900e+04  1.125300e+04  8.149169e-01  7.943118e-01  1.000000e+00  8.149169e-01
0.000000e+00  0.000000e+00  0.000000e+00  9.755439e-03  4.268420e-01  4.886718e-02  7.476421e+00  1.700100e+04  3.007100e+04  8.125200e+04  1.068953e+00  9.971486e-01  1.000000e+00  1.068953e+00
0.000000e+00  0.000000e+00  0.000000e+00  3.900461e+00  4.268420e-01  4.886718e-02  7.476421e+00  7.285100e+04  1.363600e+04  6.309100e+04  7.378767e-01  8.367429e-01  1.000000e+00  7.378767e-01
0.000000e+00  0.000000e+00  0.000000e+00  2.526973e+00  4.268420e-01  4.886718e-02  7.476421e+00  2.031000e+03  3.689800e+04  7.397300e+04  4.968158e-01  9.340432e-01  1.000000e+00  4.968158e-01
0.000000e+00  0.000000e+00  0.000000e+00  4.922698e+00  4.268420e-01  4.886718e-02  7.476421e+00  1.968400e+04  7.505700e+04  8.740000e+02  8.785408e-01  7.551432e-01  1.000000e+00  8.785408e-01
0.000000e+00  0.000000e+00  0.000000e+00  2.233859e+00  4.268420e-01  4.886718e-02  7.476421e+00  9.944500e+04  7.122500e+04  5.486200e+04  4.330754e-01  9.512421e-01  1.000000e+00  4.330754e-01
0.000000e+00  0.000000e+00  0.000000e+00  4.694049e+00  4.268420e-01  4.886718e-02  7.476421e+00  5.362500e+04  1.661100e+04  9.682700e+04  8.491187e-01  7.737106e-01  1.000000e+00  8.491187e-01
0.000000e+00  0.000000e+00  0.000000e+00  5.639671e-01  4.268420e-01  4.886718e-02  7.476421e+00  7.124200e+04  8.841500e+04  4.009500e+04  1.572121e-01  9.976748e-01  1.000000e+00  1.572121e-01
0.000000e+00  0.000000e+00  0.000000e+00  4.285474e+00  4.268420e-01  4.886718e-02  7.476421e+00  2.656300e+04  4.141200e+04  1.687400e+04  7.937661e-01  8.065147e-01  1.000000e+00  7.937661e-01
0.000000e+00  0.000000e+00  0.000000e+00  1.567729e+00  4.268420e-01  4.886718e-02  7.476421e+00  6.341000e+04  9.087200e+04  9.334400e+04  2.608049e-01  9.818969e-01  1.000000e+00  2.608049e-01
0.000000e+00  0.000000e+00  0.000000e+00  8.537340e-01  4.268420e-01  4.886718e-02  7.476421e+00  2.120100e+04  1.990100e+04  7.022500e+04  7.398541e-04  9.964445e-01  1.000000e+00  7.398541e-04
0.000000e+00  0.000000e+00  0.000000e+00  8.521625e-01  4.268420e-01  4.886718e-02  7.476421e+00  7.035100e+04  7.027900e+04  5.145300e+04  1.472177e-03  9.964542e-01  1.000000e+00  1.472177e-03
0.000000e+00  0.000000e+00  0.000000e+00  8.509864e-01  4.268420e-01  4.886718e-02  7.476421e+00  7.528200e+04  6.330900e+04  8.810200e+04  2.020931e-03  9.964614e-01  1.000000e+00  2.020931e-03
0.000000e+00  0.000000e+00  0.000000e+00  8.209137e-01  4.268420e-01  4.886718e-02  7.476421e+00  2.229500e+04  4.260000e+02  6.155700e+04  1.624774e-02  9.966343e-01  1.000000e+00  1.624774e-02
0.000000e+00  0.000000e+00  0.000000e+00  8.654195e-01  4.268420e-01  4.886718e-02  7.476421e+00  3.814000e+04  3.593400e+04  5.298400e+04  4.674628e-03  9.963708e-01  1.000000e+00  4.674628e-03
0.000000e+00  0.000000e+00  0.000000e+00  8.673221e-01  4.268420e-01  4.886718e-02  7.476421e+00  4.414100e+04  3.496300e+04  8.647900e+04  5.551392e-03  9.963575e-01  1.000000e+00  5.551392e-03
0.000000e+00  0.000000e+00  0.000000e+00  8.673590e-01  4.268420e-01  4.886718e-02  7.476421e+00  8.779600e+04  6.506700e+04  2.207200e+04  5.568362e-03  9.963572e-01  1.000000e+00  5.568362e-03
0.000000e+00  0.000000e+00  0.000000e+00  8.694296e-01  4.268420e-01  4.886718e-02  7.476421e+00  8.665600e+04  9.242100e+04  4.732000e+04  6.520529e-03  9.963437e-01  1.000000e+00  6.520529e-03
0.000000e+00  0.000000e+00  0.000000e+00  8.690514e-01  4.268420e-01  4.886718e-02  7.476421e+00  7.443300e+04  4.746000e+04  3.114000e+04  6.346742e-03  9.963461e-01  1.000000e+00  6.346742e-03
0.000000e+00  0.000000e+00  0.000000e+00  8.683119e-01  4.268420e-01  4.886718e-02  7.476421e+00  1.267800e+04  5.989600e+04  7.409100e+04  6.006758e-03  9.963510e-01  1.000000e+00  6.006758e-03
0.000000e+00  0.000000e+00  0.000000e+00  8.667354e-01  4.268420e-01  4.886718e-02  7.476421e+00  8.992000e+03  3.470000e+02  3.619300e+04  5.281246e-03  9.963613e-01  1.000000e+00  5.281246e-03
0.000000e+00  0.000000e+00  0.000000e+00  8.654244e-01  4.268420e-01  4.886718e-02  7.476421e+00  7.484200e+04  2.365900e+04  1.399800e+04  4.676901e-03  9.963708e-01  1.000000e+00  4.676901e-03
0.000000e+00  0.000000e+00  0.000000e+00  8.542539e-01  4.268420e-01  4.886718e-02  7.476421e+00  8.749800e+04  1.518000e+04  1.626700e+04  4.977835e-04  9.964413e-01  1.000000e+00  4.977835e-04
0.000000e+00  0.000000e+00  0.000000e+00  8.629139e-01  4.268420e-01  4.886718e-02  7.476421e+00  9.808500e+04  1.691400e+04  9.797400e+04  3.518289e-03  9.963869e-01  1.000000e+00  3.518289e-03
0.000000e+00  0.000000e+00  0.000000e+00  8.536052e-01  4.268420e-01  4.886718e-02  7.476421e+00  1.747700e+04  7.349100e+04  8.326600e+04  7.998330e-04  9.964453e-01  1.000000e+00  7.998330e-04
0.000000e+00  0.000000e+00  0.000000e+00  8.538110e-01  4.268420e-01  4.886718e-02  7.476421e+00  1.984700e+04  2.509300e+04  5.438100e+04  7.039731e-04  9.964441e-01  1.000000e+00  7.039731e-04
0.000000e+00  0.000000e+00  0.000000e+00  8.527334e-01  4.268420e-01  4.886718e-02  7.476421e+00  8.957800e+04  5.449300e+04  8.134100e+04  1.206030e-03  9.964507e-01  1.000000e+00  1.206030e-03
0.000000e+00  0.000000e+00  0.000000e+00  8.530608e-01  4.268420e-01  4.886718e-02  7.476421e+00  6.372100e+04  5.472400e+04  1.588500e+04  1.053429e-03  9.964487e-01  1.000000e+00  1.053429e-03
0.000000e+00  0.000000e+00  0.000000e+00  8.523366e-01  4.268420e-01  4.886718e-02  7.476421e+00  8.172300e+04  8.601800e+04  6.499200e+04  1.391018e-03  9.964531e-01  1.000000e+00  1.391018e-03
0.000000e+00  0.000000e+00  0.000000e+00  8.521027e-01  4.268420e-01  4.886718e-02  7.476421e+00  7.051700e+04  4.251900e+04  8.674900e+04  1.500076e-03  9.964546e-01  1.000000e+00  1.500076e-03
0.000000e+00  0.000000e+00  0.000000e+00  8.518414e-01  4.268420e-01  4.886718e-02  7.476421e+00  5.935200e+04  9.001000e+04  2.538100e+04  1.621972e-03  9.964562e-01  1.000000e+00  1.621972e-03
0.000000e+00  0.000000e+00  0.000000e+00  8.514949e-01  4.268420e-01  4.886718e-02  7.476421e+00  5.306400e+04  7.090000e+04  2.959000e+03  1.783611e-03  9.964583e-01  1.000000e+00  1.783611e-03
0.000000e+00  0.000000e+00  0.000000e+00  8.506223e-01  4.268420e-01  4.886718e-02  7.476421e+00  2.112100e+04  9.728600e+04  7.751200e+04  2.190955e-03  9.964636e-01  1.000000e+00  2.190955e-03
0.000000e+00  0.000000e+00  0.000000e+00  8.511856e-01  4.268420e-01  4.886718e-02  7.476421e+00  7.395000e+03  7.697000e+04  4.916500e+04  1.927971e-03  9.964602e-01  1.000000e+00  1.927971e-03
0.000000e+00  0.000000e+00  0.000000e+00  8.511985e-01  4.268420e-01  4.886718e-02  7.476421e+00  3.828000e+03  4.478800e+04  5.180000e+04  1.921956e-03  9.964601e-01  1.000000e+00  1.921956e-03
0.000000e+00  0.000000e+00  0.000000e+00  8.513896e-01  4.268420e-01  4.886718e-02  7.476421e+00  3.667000e+03  1.532600e+04  2.124000e+03  1.832739e-03  9.964589e-01  1.000000e+00  1.832739e-03
0.000000e+00  0.000000e+00  0.000000e+00  8.505771e-01  4.268420e-01  4.886718e-02  7.476421e+00  3.892200e+04  4.818500e+04  8.299500e+04  2.212036e-03  9.964639e-01  1.000000e+00  2.212036e-03
0.000000e+00  0.000000e+00  0.000000e+00  8.509196e-01  4.268420e-01  4.886718e-02  7.476421e+00  4.889600e+04  2.600200e+04  6.854200e+04  2.052108e-03  9.964618e-01  1.000000e+00  2.052108e-03
0.000000e+00  0.000000e+00  0.000000e+00  8.509704e-01  4.268420e-01  4.886718e-02  7.476421e+00  3.526600e+04  6.248400e+04  7.082600e+04  2.028404e-03  9.964615e-01  1.000000e+00  2.028404e-03
0.000000e+00  0.000000e+00  0.000000e+00  8.509156e-01  4.268420e-01  4.886718e-02  7.476421e+00  2.923800e+04  5.416100e+04  9.066800e+04  2.053971e-03  9.964618e-01  1.000000e+00  2.053971e-03
0.000000e+00  0.000000e+00  0.000000e+00  8.512856e-01  4.268420e-01  4.886718e-02  7.476421e+00  4.628700e+04  5.391600e+04  3.369300e+04  1.881302e-03  9.964596e-01  1.000000e+00  1.881302e-03
0.000000e+00  0.000000e+00  0.000000e+00  8.505413e-01  4.268420e-01  4.886718e-02  7.476421e+00  7.914500e+04  4.001100e+04  2.058200e+04  2.228778e-03  9.964641e-01  1.000000e+00  2.228778e-03
0.000000e+00  0.000000e+00  0.000000e+00  8.512418e-01  4.268420e-01  4.886718e-02  7.476421e+00  2.309800e+04  9.444100e+04  9.842000e+03  1.901731e-03  9.964598e-01  1.000000e+00  1.901731e-03
0.000000e+00  0.000000e+00  0.000000e+00  8.514203e-01  4.268420e-01  4.886718e-02  7.476421e+00  3.591700e+04  9.256500e+04  8.997200e+04  1.818448e-03  9.964587e-01  1.000000e+00  1.818448e-03
0.000000e+00  0.000000e+00  0.000000e+00  8.500497e-01  4.268420e-01  4.886718e-02  7.476421e+00  7.389600e+04  5.850600e+04  4.715800e+04  2.458371e-03  9.964671e-01  1.000000e+00  2.458371e-03
0.000000e+00  0.000000e+00  0.000000e+00  8.507304e-01  4.268420e-01  4.886718e-02  7.476421e+00  1.462600e+04  5.422100e+04  4.155100e+04  2.140454e-03  9.964630e-01  1.000000e+00  2.140454e-03
0.000000e+00  0.000000e+00  0.000000e+00  8.510403e-01  4.268420e-01  4.886718e-02  7.476421e+00  8.645000e+04  9.658200e+04  9.120800e+04  1.995765e-03  9.964611e-01  1.000000e+00  1.995765e-03
0.000000e+00  0.000000e+00  0.000000e+00  8.511433e-01  4.268420e-01  4.886718e-02  7.476421e+00  6.522200e+04  7.317000e+04  6.055900e+04  1.947683e-03  9.964604e-01  1.000000e+00  1.947683e-03
0.000000e+00  0.000000e+00  0.000000e+00  8.511020e-01  4.268420e-01  4.886718e-02  7.476421e+00  6.532300e+04  1.803900e+04  1.876600e+04  1.966973e-03  9.964607e-01  1.000000e+00  1.966973e-03
0.000000e+00  0.000000e+00  0.000000e+00  8.511387e-01  4.268420e-01  4.886718e-02  7.476421e+00  7.262800e+04  7.859400e+04  5.686200e+04  1.949865e-03  9.964605e-01  1.000000e+00  1.949865e-03
0.000000e+00  0.000000e+00  0.000000e+00  8.511124e-01  4.268420e-01  4.886718e-02  7.476421e+00  9.636400e+04  8.348500e+04  3.496200e+04  1.962117e-03  9.964606e-01  1.000000e+00  1.962117e-03
0.000000e+00  0.000000e+00  0.000000e+00  8.511644e-01  4.268420e-01  4.886718e-02  7.476421e+00  5.372000e+03  3.015700e+04  5.269500e+04  1.937864e-03  9.964603e-01  1.000000e+00  1.937864e-03
0.000000e+00  0.000000e+00  0.000000e+00  8.510652e-01  4.268420e-01  4.886718e-02  7.476421e+00  3.946000e+03  7.552100e+04  9.130400e+04  1.984142e-03  9.964609e-01  1.000000e+00  1.984142e-03
0.000000e+00  0.000000e+00  0.000000e+00  8.511792e-01  4.268420e-01  4.886718e-02  7.476421e+00  9.490300e+04  8.327900e+04  2.785500e+04  1.930927e-03  9.964602e-01  1.000000e+00  1.930927e-03
0.000000e+00  0.000000e+00  0.000000e+00  8.511468e-01  4.268420e-01  4.886718e-02  7.476421e+00  7.753800e+04  7.591000e+03  9.253000e+04  1.946054e-03  9.964604e-01  1.000000e+00  1.946054e-03
0.000000e+00  0.000000e+00  0.000000e+00  8.512740e-01  4.268420e-01  4.886718e-02  7.476421e+00  5.952600e+04  5.602500e+04  9.532000e+04  1.886689e-03  9.964596e-01  1.000000e+00  1.886689e-03
0.000000e+00  0.000000e+00  0.000000e+00  8.511349e-01  4.268420e-01  4.886718e-02  7.476421e+00  8.123300e+04  3.574000e+04  4.900600e+04  1.951614e-03  9.964605e-01  1.000000e+00  1.951614e-03
0.000000e+00  0.000000e+00  0.000000e+00  8.510571e-01  4.268420e-01  4.886718e-02  7.476421e+00  2.025000e+04  3.238000e+04  7.292400e+04  1.987955e-03  9.964610e-01  1.000000e+00  1.987955e-03
0.000000e+00  0.000000e+00  0.000000e+00  8.515427e-01  4.268420e-01  4.886718e-02  7.476421e+00  4.385600e+04  1.066100e+04  4.156400e+04  1.761299e-03  9.964580e-01  1.000000e+00  1.761299e-03
0.000000e+00  0.000000e+00  0.000000e+00  8.524783e-01  4.268420e-01  4.886718e-02  7.476421e+00  8.667200e+04  5.908300e+04  6.081200e+04  1.324940e-03  9.964523e-01  1.000000e+00  1.324940e-03
0.000000e+00  0.000000e+00  0.000000e+00  8.510960e-01  4.268420e-01  4.886718e-02  7.476421e+00  8.330000e+02  7.851800e+04  2.458700e+04  NaN  NaN  NaN  NaN
0.000000e+00  0.000000e+00  0.000000e+00  8.510038e-01  4.268420e-01  4.886718e-02  7.476421e+00  7.167300e+04  3.888100e+04  1.827900e+04  NaN  NaN  NaN  NaN
0.000000e+00  0.000000e+00  0.000000e+00  8.514357e-01  4.268420e-01  4.886718e-02  7.476421e+00  5.158400e+04  2.832200e+04  1.071000e+04  NaN  NaN  NaN  NaN
