1.026926e-02  1.686770e-02  8.398910e-02  1.321429e+00  4.268420e-01  4.886718e-02  7.476421e+00  3.241200e+04  7.850000e+02  9.383100e+04  1.751779e-01  1.406412e+01  1.195549e+02  4.459807e+01
3.566158e-03  4.353823e-03  6.332008e-02  1.321429e+00  4.268420e-01  4.886718e-02  7.476421e+00  1.348600e+04  6.743900e+04  9.301400e+04  1.947562e-01  1.448385e+01  7.658358e+01  3.042073e+01
1.855522e-02  3.101086e-03  6.232432e-02  1.321429e+00  4.268420e-01  4.886718e-02  7.476421e+00  9.730100e+04  7.104400e+04  3.614100e+04  2.664579e-01  1.923147e+01  7.804988e+01  3.251594e+01
1.618271e-02  1.066113e-02  6.181720e-02  1.321429e+00  4.268420e-01  4.886718e-02  7.476421e+00  6.383500e+04  5.194700e+04  1.397900e+04  1.763788e-01  1.446707e+01  9.982047e+01  3.815464e+01
1.277828e-02  2.663710e-02  9.536076e-02  1.321429e+00  4.268420e-01  4.886718e-02  7.476421e+00  7.101100e+04  4.429100e+04  3.971900e+04  1.627163e-01  1.364849e+01  1.354897e+02  4.976698e+01
2.912159e-03  1.957900e-02  6.630679e-02  1.321429e+00  4.268420e-01  4.886718e-02  7.476421e+00  3.569500e+04  1.897100e+04  3.684600e+04  1.670923e-01  1.329033e+01  1.169096e+02  4.345568e+01
2.949199e-02  2.369565e-02  5.052428e-02  1.321429e+00  4.268420e-01  4.886718e-02  7.476421e+00  6.539700e+04  2.620700e+04  9.624600e+04  1.790634e-01  1.445800e+01  1.232314e+02  4.595617e+01
2.949199e-02  2.369565e-02  5.052428e-02  1.321429e+00  4.268420e-01  4.886718e-02  7.476421e+00  3.421100e+04  6.070600e+04  5.348900e+04  1.703718e-01  1.487635e+01  1.125241e+02  4.252361e+01
3.849297e-03  2.427226e-02  8.694823e-02  1.321429e+00  4.268420e-01  4.886718e-02  7.476421e+00  6.523100e+04  9.806900e+04  9.821300e+04  1.574746e-01  1.320690e+01  1.332681e+02  4.887750e+01
2.708797e-02  1.898430e-02  8.613513e-02  1.321429e+00  4.268420e-01  4.886718e-02  7.476421e+00  7.909000e+04  2.693600e+04  4.063900e+04  1.655859e-01  1.444599e+01  1.174560e+02  4.402251e+01
2.935997e-02  2.646196e-02  9.185213e-02  1.321429e+00  4.268420e-01  4.886718e-02  7.476421e+00  1.454200e+04  6.426500e+04  3.249900e+04  1.662236e-01  1.405550e+01  1.391194e+02  5.111372e+01
7.836543e-03  5.217413e-03  8.332615e-02  1.321429e+00  4.268420e-01  4.886718e-02  7.476421e+00  3.414200e+04  6.595600e+04  9.603600e+04  1.758239e-01  1.433155e+01  8.136372e+01  3.195703e+01
1.669708e-02  6.618967e-03  9.847843e-02  1.321429e+00  4.268420e-01  4.886718e-02  7.476421e+00  5.706800e+04  4.100000e+04  5.992600e+04  2.271177e-01  1.626490e+01  1.029122e+02  3.980142e+01
2.584394e-02  2.842782e-03  6.740338e-02  1.321429e+00  4.268420e-01  4.886718e-02  7.476421e+00  8.486300e+04  6.759600e+04  8.795800e+04  3.192529e-01  2.238926e+01  7.623204e+01  3.298019e+01
5.746219e-03  2.957462e-02  7.295672e-02  1.321429e+00  4.268420e-01  4.886718e-02  7.476421e+00  2.005100e+04  9.986900e+04  8.445900e+04  1.635528e-01  1.324512e+01  1.326895e+02  4.869941e+01
1.493052e-02  2.508874e-02  5.799365e-02  1.321429e+00  4.268420e-01  4.886718e-02  7.476421e+00  9.750000e+02  4.432300e+04  6.220000e+04  2.133780e-01  1.481832e+01  1.335661e+02  4.953261e+01
4.267584e-04  1.324243e-02  9.334293e-02  1.321429e+00  4.268420e-01  4.886718e-02  7.476421e+00  3.167400e+04  2.194300e+04  9.334300e+04  1.694377e-01  1.335970e+01  1.171700e+02  4.356638e+01
2.637092e-02  3.051238e-03  5.950819e-02  1.321429e+00  4.268420e-01  4.886718e-02  7.476421e+00  3.874900e+04  7.266000e+04  8.998400e+04  2.388906e-01  1.931367e+01  7.935053e+01  3.296770e+01
3.926475e-03  9.578368e-03  9.292633e-02  1.321429e+00  4.268420e-01  4.886718e-02  7.476421e+00  7.662400e+04  9.653600e+04  9.843300e+04  1.848556e-01  1.402716e+01  1.067311e+02  4.031436e+01
1.141724e-02  2.232481e-02  9.553005e-02  1.321429e+00  4.268420e-01  4.886718e-02  7.476421e+00  3.782000e+03  1.526600e+04  1.986000e+03  2.024048e-01  1.466482e+01  1.277396e+02  4.753559e+01
1.117335e-03  1.800839e-02  6.458356e-02  1.321429e+00  4.268420e-01  4.886718e-02  7.476421e+00  8.608200e+04  2.904100e+04  2.788500e+04  1.644954e-01  1.317965e+01  1.140960e+02  4.248004e+01
2.559894e-02  1.502667e-02  7.219253e-02  1.321429e+00  4.268420e-01  4.886718e-02  7.476421e+00  8.954700e+04  6.222300e+04  4.530000e+04  1.629354e-01  1.424008e+01  1.109149e+02  4.177263e+01
3.107242e-03  1.942610e-02  5.634480e-02  1.321429e+00  4.268420e-01  4.886718e-02  7.476421e+00  9.495300e+04  2.638900e+04  1.577600e+04  1.660787e-01  1.326214e+01  1.175998e+02  4.367600e+01
1.828938e-02  6.482266e-03  5.120274e-02  1.321429e+00  4.268420e-01  4.886718e-02  7.476421e+00  7.246900e+04  3.819500e+04  1.527200e+04  2.442827e-01  1.783132e+01  8.565160e+01  3.457573e+01
1.866725e-02  5.269330e-03  9.421837e-02  1.321429e+00  4.268420e-01  4.886718e-02  7.476421e+00  7.185200e+04  6.458000e+04  1.446200e+04  1.933335e-01  1.657738e+01  9.139367e+01  3.605479e+01
1.103352e-02  2.383968e-02  5.926801e-02  1.321429e+00  4.268420e-01  4.886718e-02  7.476421e+00  4.618900e+04  3.692300e+04  7.850400e+04  1.785522e-01  1.402829e+01  1.231838e+02  4.579689e+01
6.576357e-03  1.888060e-03  9.962088e-02  1.321429e+00  4.268420e-01  4.886718e-02  7.476421e+00  9.600900e+04  9.145300e+04  8.676100e+04  2.226627e-01  1.753080e+01  7.420972e+01  3.065439e+01
2.710706e-02  1.961858e-02  5.730717e-02  1.321429e+00  4.268420e-01  4.886718e-02  7.476421e+00  2.873000e+04  1.776600e+04  4.932200e+04  2.327449e-01  1.730518e+01  1.285893e+02  4.870907e+01
2.073498e-02  1.982258e-02  8.796135e-02  1.321429e+00  4.268420e-01  4.886718e-02  7.476421e+00  3.523200e+04  2.295000e+04  4.470100e+04  2.094972e-01  1.566131e+01  1.261259e+02  4.733225e+01
4.462549e-03  2.456731e-02  7.633253e-02  1.321429e+00  4.268420e-01  4.886718e-02  7.476421e+00  3.124000e+04  6.071600e+04  2.231600e+04  1.898262e-01  1.396669e+01  1.329199e+02  4.902546e+01
1.164148e-02  2.443607e-02  6.712687e-02  1.321429e+00  4.268420e-01  4.886718e-02  7.476421e+00  4.686600e+04  8.276000e+03  1.702200e+04  1.964105e-01  1.459423e+01  1.334369e+02  4.940919e+01
2.916900e-03  1.053609e-02  8.749454e-02  1.321429e+00  4.268420e-01  4.886718e-02  7.476421e+00  3.137700e+04  3.073300e+04  6.538200e+04  1.748023e-01  1.365474e+01  1.044437e+02  3.942442e+01
1.971250e-02  9.033877e-03  8.363898e-02  1.321429e+00  4.268420e-01  4.886718e-02  7.476421e+00  6.733800e+04  2.778600e+04  2.873500e+04  2.400730e-01  1.652965e+01  1.086250e+02  4.179825e+01
2.582430e-02  2.560754e-02  9.380791e-02  1.321429e+00  4.268420e-01  4.886718e-02  7.476421e+00  6.667000e+03  1.895900e+04  7.307400e+04  1.821937e-01  1.448773e+01  1.312491e+02  4.863967e+01
1.366219e-02  2.271957e-03  9.749086e-02  1.321429e+00  4.268420e-01  4.886718e-02  7.476421e+00  8.356000e+03  6.431800e+04  5.963800e+04  2.330743e-01  1.851051e+01  7.721720e+01  3.198693e+01
2.085545e-02  2.605249e-02  8.076817e-02  1.321429e+00  4.268420e-01  4.886718e-02  7.476421e+00  6.814800e+04  8.328600e+04  7.620000e+04  2.022994e-01  1.488344e+01  1.364515e+02  5.051243e+01
8.226459e-03  1.096160e-03  9.042089e-02  1.321429e+00  4.268420e-01  4.886718e-02  7.476421e+00  7.526000e+03  1.900000e+04  9.235700e+04  2.798029e-01  1.959551e+01  5.713798e+01  2.567110e+01
7.682214e-03  1.011458e-02  9.972846e-02  1.321429e+00  4.268420e-01  4.886718e-02  7.476421e+00  8.467300e+04  7.553800e+04  6.472200e+04  1.763642e-01  1.437316e+01  1.122506e+02  4.226672e+01
2.326362e-03  1.484682e-02  6.509288e-02  1.321429e+00  4.268420e-01  4.886718e-02  7.476421e+00  9.459800e+04  3.693500e+04  3.236100e+04  1.667651e-01  1.331378e+01  1.140795e+02  4.252001e+01
1.366062e-03  1.580794e-04  9.190228e-02  1.321429e+00  4.268420e-01  4.886718e-02  7.476421e+00  2.031000e+03  3.689800e+04  7.397300e+04  2.349422e-01  1.440966e+01  2.321950e+01  1.262137e+01
1.499284e-02  2.436945e-02  7.416210e-02  1.321429e+00  4.268420e-01  4.886718e-02  7.476421e+00  4.917400e+04  6.435300e+04  5.950800e+04  1.745690e-01  1.397889e+01  1.283404e+02  4.749794e+01
1.044023e-02  2.859004e-02  9.819407e-02  1.321429e+00  4.268420e-01  4.886718e-02  7.476421e+00  7.285100e+04  1.363600e+04  6.309100e+04  1.799013e-01  1.396208e+01  1.400912e+02  5.141107e+01
4.639994e-03  2.682299e-02  5.678087e-02  1.321429e+00  4.268420e-01  4.886718e-02  7.476421e+00  9.843100e+04  4.295900e+04  1.125300e+04  1.594724e-01  1.335649e+01  1.280589e+02  4.719162e+01
1.881681e-02  2.070857e-02  6.666350e-02  1.321429e+00  4.268420e-01  4.886718e-02  7.476421e+00  7.124200e+04  8.841500e+04  4.009500e+04  1.571358e-01  1.394201e+01  1.258590e+02  4.665273e+01
7.121135e-03  1.894145e-02  5.856307e-02  1.321429e+00  4.268420e-01  4.886718e-02  7.476421e+00  1.700100e+04  3.007100e+04  8.125200e+04  1.626441e-01  1.360819e+01  1.156038e+02  4.312489e+01
5.478516e-03  1.405397e-02  7.428259e-02  1.321429e+00  4.268420e-01  4.886718e-02  7.476421e+00  5.362500e+04  1.661100e+04  9.682700e+04  1.775261e-01  1.385893e+01  1.126184e+02  4.221828e+01
2.173698e-02  2.879008e-02  7.186640e-02  1.321429e+00  4.268420e-01  4.886718e-02  7.476421e+00  1.968400e+04  7.505700e+04  8.740000e+02  1.801104e-01  1.465412e+01  1.401694e+02  5.166789e+01
6.144703e-03  1.609527e-02  8.132646e-02  1.321429e+00  4.268420e-01  4.886718e-02  7.476421e+00  7.035100e+04  7.027900e+04  5.145300e+04  1.915720e-01  1.426524e+01  1.194442e+02  4.463368e+01
1.390212e-02  2.772749e-02  6.176843e-02  1.321429e+00  4.268420e-01  4.886718e-02  7.476421e+00  9.944500e+04  7.122500e+04  5.486200e+04  1.822391e-01  1.407383e+01  1.313164e+02  4.852415e+01
2.153891e-03  2.399552e-02  9.242259e-02  1.321429e+00  4.268420e-01  4.886718e-02  7.476421e+00  2.120100e+04  1.990100e+04  7.022500e+04  1.549263e-01  1.313438e+01  1.324735e+02  4.858759e+01
1.169212e-04  1.970678e-04  5.007604e-02  1.321429e+00  4.268420e-01  4.886718e-02  7.476421e+00  2.656300e+04  4.141200e+04  1.687400e+04  1.006198e-02  8.163939e-01  6.984728e-01  5.083095e-01
4.412930e-04  1.088051e-04  5.014591e-02  1.321429e+00  4.268420e-01  4.886718e-02  7.476421e+00  4.414100e+04  3.496300e+04  8.647900e+04  1.116620e-01  1.984914e+00  1.562039e+00  1.219538e+00
1.936639e-04  1.843317e-05  5.204609e-02  1.321429e+00  4.268420e-01  4.886718e-02  7.476421e+00  3.814000e+04  3.593400e+04  5.298400e+04  4.254568e-02  4.093851e-01  9.422889e-01  4.647399e-01
3.894317e-04  2.088831e-04  5.107725e-02  1.321429e+00  4.268420e-01  4.886718e-02  7.476421e+00  6.341000e+04  9.087200e+04  9.334400e+04  7.365304e-02  3.751030e+00  5.728520e+00  3.184401e+00
1.134456e-02  2.993843e-05  5.019809e-02  1.321429e+00  4.268420e-01  4.886718e-02  7.476421e+00  7.528200e+04  6.330900e+04  8.810200e+04  2.352394e+00  3.375575e+02  2.100205e+01  1.203040e+02
7.337267e-04  7.582853e-05  5.002520e-02  1.321429e+00  4.268420e-01  4.886718e-02  7.476421e+00  7.443300e+04  4.746000e+04  3.114000e+04  1.194080e-01  1.367160e+00  5.034589e-01  6.633423e-01
4.499000e-03  8.648044e-05  5.029994e-02  1.321429e+00  4.268420e-01  4.886718e-02  7.476421e+00  2.229500e+04  4.260000e+02  6.155700e+04  5.234277e-01  2.076383e+01  1.069755e+01  1.066160e+01
4.314138e-04  1.079427e-04  5.011179e-02  1.321429e+00  4.268420e-01  4.886718e-02  7.476421e+00  1.267800e+04  5.989600e+04  7.409100e+04  7.552885e-02  1.367107e-01  1.393909e-01  1.172102e-01
1.140523e-04  1.155059e-04  6.356598e-02  1.321429e+00  4.268420e-01  4.886718e-02  7.476421e+00  8.779600e+04  6.506700e+04  2.207200e+04  1.483673e-02  7.364542e-01  7.166690e-01  4.893200e-01
2.999335e-02  1.786182e-04  9.993181e-02  1.321429e+00  4.268420e-01  4.886718e-02  7.476421e+00  8.749800e+04  1.518000e+04  1.626700e+04  9.607842e-01  8.362352e+01  5.325344e+01  4.594592e+01
2.865017e-04  2.718106e-04  5.016861e-02  1.321429e+00  4.268420e-01  4.886718e-02  7.476421e+00  8.665600e+04  9.242100e+04  4.732000e+04  1.012693e-01  7.450278e+00  1.229901e+01  6.616852e+00
1.724401e-03  4.293071e-04  5.000881e-02  1.321429e+00  4.268420e-01  4.886718e-02  7.476421e+00  9.808500e+04  1.691400e+04  9.797400e+04  2.502368e-01  1.532057e+01  2.952807e+01  1.503296e+01
8.109012e-05  1.359555e-05  6.415853e-02  1.321429e+00  4.268420e-01  4.886718e-02  7.476421e+00  8.992000e+03  3.470000e+02  3.619300e+04  2.262920e-02  7.153531e-01  9.693054e-01  5.690959e-01
3.843834e-05  7.264453e-05  5.527178e-02  1.321429e+00  4.268420e-01  4.886718e-02  7.476421e+00  8.957800e+04  5.449300e+04  8.134100e+04  3.075502e-03  9.117559e-01  9.005117e-01  6.051144e-01
4.654253e-04  2.240641e-05  6.386645e-02  1.321429e+00  4.268420e-01  4.886718e-02  7.476421e+00  7.484200e+04  2.365900e+04  1.399800e+04  1.452275e-01  9.699360e-01  6.154939e-01  5.768858e-01
2.124993e-05  1.347462e-04  5.469617e-02  1.321429e+00  4.268420e-01  4.886718e-02  7.476421e+00  6.372100e+04  5.472400e+04  1.588500e+04  1.376925e-02  9.524573e-01  8.407721e-01  6.023329e-01
8.383848e-06  7.736705e-05  6.019945e-02  1.321429e+00  4.268420e-01  4.886718e-02  7.476421e+00  1.747700e+04  7.349100e+04  8.326600e+04  1.209343e-02  9.766551e-01  9.036201e-01  6.307895e-01
1.225478e-05  2.455404e-04  6.155725e-02  1.321429e+00  4.268420e-01  4.886718e-02  7.476421e+00  5.935200e+04  9.001000e+04  2.538100e+04  3.170562e-02  9.733642e-01  7.271842e-01  5.774180e-01
2.761892e-04  2.551116e-05  6.404934e-02  1.321429e+00  4.268420e-01  4.886718e-02  7.476421e+00  1.984700e+04  2.509300e+04  5.438100e+04  8.985157e-02  1.743229e-02  8.040385e-01  3.037741e-01
1.079230e-04  1.618752e-04  6.332693e-02  1.321429e+00  4.268420e-01  4.886718e-02  7.476421e+00  5.306400e+04  7.090000e+04  2.959000e+03  9.051402e-03  5.709923e-01  3.970847e-01  3.257095e-01
6.942032e-05  1.246976e-04  5.964334e-02  1.321429e+00  4.268420e-01  4.886718e-02  7.476421e+00  8.172300e+04  8.601800e+04  6.499200e+04  2.522628e-03  8.424967e-01  7.909299e-01  5.453164e-01
3.915000e-04  7.110565e-06  6.128493e-02  1.321429e+00  4.268420e-01  4.886718e-02  7.476421e+00  3.828000e+03  4.478800e+04  5.180000e+04  8.414858e-02  3.986924e-01  9.397211e-01  4.741874e-01
4.150096e-04  3.445256e-06  6.212510e-02  1.321429e+00  4.268420e-01  4.886718e-02  7.476421e+00  7.051700e+04  4.251900e+04  8.674900e+04  1.542317e-01  1.557385e+00  9.415889e-01  8.844018e-01
5.595124e-05  9.161792e-05  7.134549e-02  1.321429e+00  4.268420e-01  4.886718e-02  7.476421e+00  3.667000e+03  1.532600e+04  2.124000e+03  6.204943e-03  8.620135e-01  8.377920e-01  5.686701e-01
4.731316e-05  1.996191e-05  5.916396e-02  1.321429e+00  4.268420e-01  4.886718e-02  7.476421e+00  2.112100e+04  9.728600e+04  7.751200e+04  6.730252e-03  8.750101e-01  9.685083e-01  6.167496e-01
1.449165e-04  1.638821e-04  5.975917e-02  1.321429e+00  4.268420e-01  4.886718e-02  7.476421e+00  3.526600e+04  6.248400e+04  7.082600e+04  6.176399e-03  6.664988e-01  5.725342e-01  4.150698e-01
2.640421e-04  4.849711e-05  5.909987e-02  1.321429e+00  4.268420e-01  4.886718e-02  7.476421e+00  7.395000e+03  7.697000e+04  4.916500e+04  6.677900e-02  1.643468e-01  7.534142e-01  3.281800e-01
7.239061e-05  2.660972e-06  6.671558e-02  1.321429e+00  4.268420e-01  4.886718e-02  7.476421e+00  2.923800e+04  5.416100e+04  9.066800e+04  1.253071e-02  7.845802e-01  9.943239e-01  5.971450e-01
2.999539e-04  5.247676e-06  6.456323e-02  1.321429e+00  4.268420e-01  4.886718e-02  7.476421e+00  3.892200e+04  4.818500e+04  8.299500e+04  1.134722e-01  4.341334e-01  9.550167e-01  5.008741e-01
3.748849e-04  1.967658e-05  6.438315e-02  1.321429e+00  4.268420e-01  4.886718e-02  7.476421e+00  2.309800e+04  9.444100e+04  9.842000e+03  1.089580e-01  6.846048e-01  7.576550e-01  5.170726e-01
2.273452e-02  1.215531e-04  8.646140e-02  1.321429e+00  4.268420e-01  4.886718e-02  7.476421e+00  3.591700e+04  9.256500e+04  8.997200e+04  1.327110e+00  1.073154e+02  4.698978e+01  5.187744e+01
2.139988e-05  4.134099e-05  6.787327e-02  1.321429e+00  4.268420e-01  4.886718e-02  7.476421e+00  4.889600e+04  2.600200e+04  6.854200e+04  1.886389e-03  9.383535e-01  9.333140e-01  6.245180e-01
3.860760e-04  4.052061e-05  9.974748e-02  1.321429e+00  4.268420e-01  4.886718e-02  7.476421e+00  4.628700e+04  5.391600e+04  3.369300e+04  1.188574e-01  1.704431e+00  9.999349e-01  9.410743e-01
1.503993e-02  1.939118e-05  6.514384e-02  1.321429e+00  4.268420e-01  4.886718e-02  7.476421e+00  8.645000e+04  9.658200e+04  9.120800e+04  4.001722e+00  5.450318e+02  3.403187e+01  1.943551e+02
3.157595e-04  2.744495e-04  9.997521e-02  1.321429e+00  4.268420e-01  4.886718e-02  7.476421e+00  7.914500e+04  4.001100e+04  2.058200e+04  1.817063e-01  1.391475e+01  3.037932e+01  1.482526e+01
3.546242e-05  3.820606e-04  9.967697e-02  1.321429e+00  4.268420e-01  4.886718e-02  7.476421e+00  6.522200e+04  7.317000e+04  6.055900e+04  1.633243e-01  1.242507e+01  3.427254e+01  1.562031e+01
1.429256e-02  1.120492e-02  9.967466e-02  1.321429e+00  4.268420e-01  4.886718e-02  7.476421e+00  7.389600e+04  5.850600e+04  4.715800e+04  2.328158e-01  1.747562e+01  1.186013e+02  4.543659e+01
1.209291e-02  6.292431e-03  9.989767e-02  1.321429e+00  4.268420e-01  4.886718e-02  7.476421e+00  9.636400e+04  8.348500e+04  3.496200e+04  1.931708e-01  1.516967e+01  9.464771e+01  3.667019e+01
2.110352e-02  2.681513e-03  5.001124e-02  1.321429e+00  4.268420e-01  4.886718e-02  7.476421e+00  1.462600e+04  5.422100e+04  4.155100e+04  3.473002e-01  3.509115e+01  8.045929e+01  3.863258e+01
6.488003e-03  4.499128e-06  5.059601e-02  1.321429e+00  4.268420e-01  4.886718e-02  7.476421e+00  5.372000e+03  3.015700e+04  5.269500e+04  1.601833e+00  1.209001e+02  2.987475e+00  4.182981e+01
1.318651e-03  7.334169e-05  5.183423e-02  1.321429e+00  4.268420e-01  4.886718e-02  7.476421e+00  6.532300e+04  1.803900e+04  1.876600e+04  2.657330e-01  6.509895e+00  3.878032e+00  3.551220e+00
5.310373e-03  1.562910e-04  7.058724e-02  1.321429e+00  4.268420e-01  4.886718e-02  7.476421e+00  7.753800e+04  7.591000e+03  9.253000e+04  5.808503e-01  2.986507e+01  3.212564e+01  2.085719e+01
1.484312e-04  1.221784e-05  9.598031e-02  1.321429e+00  4.268420e-01  4.886718e-02  7.476421e+00  3.946000e+03  7.552100e+04  9.130400e+04  5.888924e-02  2.112186e-01  9.125385e-01  3.942154e-01
2.997544e-02  9.717109e-03  5.127445e-02  1.321429e+00  4.268420e-01  4.886718e-02  7.476421e+00  7.262800e+04  7.859400e+04  5.686200e+04  1.820243e-01  1.546555e+01  9.439181e+01  3.667979e+01
4.946756e-03  1.108243e-03  5.007861e-02  1.321429e+00  4.268420e-01  4.886718e-02  7.476421e+00  5.952600e+04  5.602500e+04  9.532000e+04  2.488260e-01  1.731794e+01  4.611287e+01  2.122655e+01
1.017169e-02  3.781544e-03  7.753393e-02  1.321429e+00  4.268420e-01  4.886718e-02  7.476421e+00  4.385600e+04  1.066100e+04  4.156400e+04  2.018873e-01  1.581748e+01  8.331762e+01  3.311233e+01
2.214717e-02  4.019103e-03  9.868185e-02  1.321429e+00  4.268420e-01  4.886718e-02  7.476421e+00  8.667200e+04  5.908300e+04  6.081200e+04  1.955050e-01  1.708153e+01  8.656570e+01  3.461424e+01
8.278151e-05  1.465980e-03  6.435481e-02  1.321429e+00  4.268420e-01  4.886718e-02  7.476421e+00  8.123300e+04  3.574000e+04  4.900600e+04  1.679954e-01  1.324753e+01  5.115458e+01  2.152337e+01
1.723987e-03  5.387693e-03  6.039959e-02  1.321429e+00  4.268420e-01  4.886718e-02  7.476421e+00  9.490300e+04  8.327900e+04  2.785500e+04  1.675142e-01  1.349786e+01  8.182313e+01  3.182950e+01
1.339006e-02  4.780263e-03  5.434479e-02  1.321429e+00  4.268420e-01  4.886718e-02  7.476421e+00  8.330000e+02  7.851800e+04  2.458700e+04  1.846846e-01  1.504343e+01  7.638523e+01  3.053778e+01
4.444891e-03  3.189727e-03  5.288831e-02  1.321429e+00  4.268420e-01  4.886718e-02  7.476421e+00  5.158400e+04  2.832200e+04  1.071000e+04  NaN  NaN  NaN  NaN
4.926139e-03  6.499339e-03  7.651887e-02  1.321429e+00  4.268420e-01  4.886718e-02  7.476421e+00  2.025000e+04  3.238000e+04  7.292400e+04  NaN  NaN  NaN  NaN
1.220114e-04  2.332220e-03  9.885595e-02  1.321429e+00  4.268420e-01  4.886718e-02  7.476421e+00  1.602800e+04  8.842400e+04  3.955500e+04  NaN  NaN  NaN  NaN
