0.000000e+00  0.000000e+00  0.000000e+00  3.967757e+00  8.305173e-01  3.309394e-02  1.046582e+00  3.241200e+04  7.850000e+02  9.383100e+04  5.555590e+00  7.231567e-01  1.000000e+00  2.426249e+00
0.000000e+00  0.000000e+00  0.000000e+00  1.307880e+00  9.398667e-01  2.745449e-02  8.501383e+00  1.348600e+04  6.743900e+04  9.301400e+04  5.541746e-01  9.996289e-01  1.000000e+00  8.512678e-01
0.000000e+00  0.000000e+00  0.000000e+00  3.678450e+00  7.465713e-01  3.788861e-02  7.286172e+00  6.383500e+04  5.194700e+04  1.397900e+04  1.088175e-02  9.893338e-01  1.000000e+00  6.667385e-01
0.000000e+00  0.000000e+00  0.000000e+00  4.909891e+00  6.267174e-01  6.328776e-03  2.644482e+00  9.730100e+04  7.104400e+04  3.614100e+04  2.465350e+00  2.861237e-01  1.000000e+00  1.250491e+00
0.000000e+00  0.000000e+00  0.000000e+00  1.396709e+00  3.031518e-01  9.601967e-03  1.167384e+00  3.421100e+04  6.070600e+04  5.348900e+04  7.385679e+00  5.509638e-01  1.000000e+00  2.978881e+00
0.000000e+00  0.000000e+00  0.000000e+00  3.042007e+00  3.176169e-01  1.351649e-02  2.871264e+00  7.101100e+04  4.429100e+04  3.971900e+04  3.296216e+00  3.212333e-01  1.000000e+00  1.539150e+00
0.000000e+00  0.000000e+00  0.000000e+00  1.362515e+00  6.447516e-01  4.867094e-02  1.991231e+00  6.539700e+04  2.620700e+04  9.624600e+04  1.747582e+00  9.525234e-01  1.000000e+00  1.233368e+00
0.000000e+00  0.000000e+00  0.000000e+00  2.054561e+00  5.226993e-01  4.318709e-02  6.097215e+00  3.569500e+04  1.897100e+04  3.684600e+04  2.436576e-01  9.823512e-01  1.000000e+00  7.420029e-01
0.000000e+00  0.000000e+00  0.000000e+00  2.287001e+00  6.038952e-01  3.148604e-02  1.835503e+00  1.454200e+04  6.426500e+04  3.249900e+04  2.868885e+00  9.211948e-01  1.000000e+00  1.596693e+00
0.000000e+00  0.000000e+00  0.000000e+00  1.710761e+00  7.661827e-01  3.713349e-02  8.786203e+00  3.414200e+04  6.595600e+04  9.603600e+04  4.115442e-01  9.992249e-01  1.000000e+00  8.035897e-01
0.000000e+00  0.000000e+00  0.000000e+00  1.803952e+00  6.285953e-01  4.573203e-02  8.578779e+00  6.523100e+04  9.806900e+04  9.821300e+04  2.741573e-01  9.987000e-01  1.000000e+00  7.576191e-01

0.000000e+00  0.000000e+00  0.000000e+00  4.824128e+00  5.935574e-01  2.325068e-03  1.203899e+00  2.005100e+04  9.986900e+04  8.445900e+04  6.848919e+00  8.556871e-02  1.000000e+00  2.644829e+00
0.000000e+00  0.000000e+00  0.000000e+00  1.944434e+00  8.923729e-01  8.773047e-03  8.110236e+00  9.750000e+02  4.432300e+04  6.220000e+04  4.085482e-01  9.929388e-01  1.000000e+00  8.004957e-01
0.000000e+00  0.000000e+00  0.000000e+00  1.486137e+00  6.340765e-01  5.242188e-03  8.322372e+00  5.706800e+04  4.100000e+04  5.992600e+04  3.109667e-01  9.570863e-01  1.000000e+00  7.560177e-01
0.000000e+00  0.000000e+00  0.000000e+00  3.122886e+00  2.614071e-01  4.874962e-03  1.606928e+00  8.486300e+04  6.759600e+04  8.795800e+04  7.763279e+00  1.590707e-01  1.000000e+00  2.974116e+00
0.000000e+00  0.000000e+00  0.000000e+00  4.151510e+00  4.133662e-01  3.106924e-02  8.618770e+00  7.662400e+04  9.653600e+04  9.843300e+04  3.260148e-01  8.341293e-01  1.000000e+00  7.200480e-01
0.000000e+00  0.000000e+00  0.000000e+00  1.599376e+00  6.293341e-01  2.949257e-02  4.735982e+00  3.167400e+04  2.194300e+04  9.334300e+04  2.591671e-01  9.817608e-01  1.000000e+00  7.469760e-01
0.000000e+00  0.000000e+00  0.000000e+00  3.231472e+00  7.921909e-01  2.012144e-02  2.943739e+00  3.874900e+04  7.266000e+04  8.998400e+04  1.237473e+00  8.734859e-01  1.000000e+00  1.036986e+00
0.000000e+00  0.000000e+00  0.000000e+00  3.231472e+00  7.921909e-01  2.012144e-02  2.943739e+00  3.782000e+03  1.526600e+04  1.986000e+03  1.237473e+00  8.734859e-01  1.000000e+00  1.036986e+00
0.000000e+00  0.000000e+00  0.000000e+00  2.823781e+00  5.321201e-01  2.813182e-02  6.501889e+00  9.495300e+04  2.638900e+04  1.577600e+04  2.947872e-01  9.214929e-01  1.000000e+00  7.387600e-01
0.000000e+00  0.000000e+00  0.000000e+00  2.126306e+00  4.896212e-01  4.416030e-02  4.367306e+00  8.608200e+04  2.904100e+04  2.788500e+04  8.493761e-01  9.556443e-01  1.000000e+00  9.350068e-01
0.000000e+00  0.000000e+00  0.000000e+00  2.549244e+00  6.071802e-01  4.273283e-02  6.605742e+00  7.246900e+04  3.819500e+04  1.527200e+04  1.114167e-01  9.885025e-01  1.000000e+00  6.999731e-01
0.000000e+00  0.000000e+00  0.000000e+00  4.212983e+00  8.097777e-01  1.884541e-03  7.003757e+00  8.954700e+04  6.222300e+04  4.530000e+04  2.417727e-02  7.147966e-01  1.000000e+00  5.796580e-01
0.000000e+00  0.000000e+00  0.000000e+00  1.232097e+00  4.806154e-01  4.644135e-02  8.646071e+00  9.600900e+04  9.145300e+04  8.676100e+04  2.342772e-01  9.983783e-01  1.000000e+00  7.442185e-01
0.000000e+00  0.000000e+00  0.000000e+00  2.833211e+00  5.890422e-01  2.581864e-02  8.543412e+00  4.618900e+04  3.692300e+04  7.850400e+04  8.749190e-02  9.705343e-01  1.000000e+00  6.860087e-01
0.000000e+00  0.000000e+00  0.000000e+00  4.596758e+00  8.743712e-01  1.245285e-02  3.668102e+00  2.873000e+04  1.776600e+04  4.932200e+04  9.082669e-01  7.642606e-01  1.000000e+00  8.908425e-01
0.000000e+00  0.000000e+00  0.000000e+00  4.596758e+00  8.743712e-01  1.245285e-02  3.668102e+00  7.185200e+04  6.458000e+04  1.446200e+04  9.082669e-01  7.642606e-01  1.000000e+00  8.908425e-01
0.000000e+00  0.000000e+00  0.000000e+00  3.405126e+00  9.600487e-01  1.029007e-02  9.953603e+00  4.686600e+04  8.276000e+03  1.702200e+04  4.267040e-01  9.917492e-01  1.000000e+00  8.061511e-01
0.000000e+00  0.000000e+00  0.000000e+00  1.322841e+00  8.913225e-01  1.321965e-02  5.652412e+00  3.124000e+04  6.071600e+04  2.231600e+04  2.866436e-01  9.956359e-01  1.000000e+00  7.607598e-01
0.000000e+00  0.000000e+00  0.000000e+00  4.073338e+00  3.954524e-01  4.690146e-02  9.472004e+00  3.523200e+04  2.295000e+04  4.470100e+04  2.312903e-01  9.216043e-01  1.000000e+00  7.176316e-01
0.000000e+00  0.000000e+00  0.000000e+00  4.771670e+00  9.348682e-01  4.730621e-03  5.579556e+00  3.137700e+04  3.073300e+04  6.538200e+04  2.083932e-01  7.491301e-01  1.000000e+00  6.525078e-01
0.000000e+00  0.000000e+00  0.000000e+00  4.278588e+00  6.765569e-01  3.777071e-02  9.297649e+00  8.356000e+03  6.431800e+04  5.963800e+04  1.208463e-01  9.879220e-01  1.000000e+00  7.029228e-01
0.000000e+00  0.000000e+00  0.000000e+00  4.431387e+00  5.843573e-01  4.523169e-02  3.140752e+00  6.667000e+03  1.895900e+04  7.307400e+04  1.949677e+00  9.110318e-01  1.000000e+00  1.286903e+00
0.000000e+00  0.000000e+00  0.000000e+00  3.700458e+00  8.666782e-01  2.513776e-02  2.885079e+00  6.733800e+04  2.778600e+04  2.873500e+04  1.242592e+00  9.198690e-01  1.000000e+00  1.054154e+00
0.000000e+00  0.000000e+00  0.000000e+00  2.188749e+00  5.615913e-01  3.587037e-02  9.258186e+00  6.814800e+04  8.328600e+04  7.620000e+04  2.094588e-01  9.943684e-01  1.000000e+00  7.346091e-01
0.000000e+00  0.000000e+00  0.000000e+00  4.219738e+00  5.423850e-01  1.312190e-02  2.964094e+00  8.467300e+04  7.553800e+04  6.472200e+04  2.242688e+00  5.007877e-01  1.000000e+00  1.247825e+00
0.000000e+00  0.000000e+00  0.000000e+00  2.149017e+00  3.957204e-01  1.795848e-02  4.372513e+00  9.459800e+04  3.693500e+04  3.236100e+04  1.163755e+00  6.614791e-01  1.000000e+00  9.417446e-01
0.000000e+00  0.000000e+00  0.000000e+00  4.976366e+00  6.293107e-01  3.060642e-02  2.194852e+00  7.526000e+03  1.900000e+04  9.235700e+04  3.174739e+00  8.459814e-01  1.000000e+00  1.673573e+00
0.000000e+00  0.000000e+00  0.000000e+00  3.470311e+00  6.258436e-01  2.005294e-02  8.938181e+00  4.917400e+04  6.435300e+04  5.950800e+04  1.012860e-01  9.513083e-01  1.000000e+00  6.841981e-01
0.000000e+00  0.000000e+00  0.000000e+00  3.839514e+00  5.622376e-01  1.379444e-02  8.689776e+00  9.843100e+04  4.295900e+04  1.125300e+04  3.762019e-02  8.509863e-01  1.000000e+00  6.295355e-01
0.000000e+00  0.000000e+00  0.000000e+00  1.954729e+00  6.982263e-01  1.648503e-03  1.543488e+00  7.285100e+04  1.363600e+04  6.309100e+04  2.867690e+00  2.824435e-01  1.000000e+00  1.383378e+00
0.000000e+00  0.000000e+00  0.000000e+00  2.611874e+00  4.916225e-01  3.226719e-02  2.935767e+00  2.031000e+03  3.689800e+04  7.397300e+04  1.959106e+00  8.598897e-01  1.000000e+00  1.272999e+00
0.000000e+00  0.000000e+00  0.000000e+00  2.800363e+00  3.293619e-01  2.496117e-02  2.638538e+00  1.700100e+04  3.007100e+04  8.125200e+04  3.439889e+00  6.447184e-01  1.000000e+00  1.694869e+00
0.000000e+00  0.000000e+00  0.000000e+00  4.552169e+00  7.800624e-01  4.817913e-02  1.467328e+00  1.968400e+04  7.505700e+04  8.740000e+02  4.166038e+00  8.634019e-01  1.000000e+00  2.009813e+00
0.000000e+00  0.000000e+00  0.000000e+00  3.447008e+00  5.634303e-01  2.978552e-02  7.077078e+00  5.362500e+04  1.661100e+04  9.682700e+04  2.254226e-01  9.305516e-01  1.000000e+00  7.186581e-01
0.000000e+00  0.000000e+00  0.000000e+00  4.920077e+00  2.652470e-01  4.771617e-02  3.257660e+00  7.124200e+04  8.841500e+04  4.009500e+04  3.935938e+00  7.009172e-01  1.000000e+00  1.878952e+00
0.000000e+00  0.000000e+00  0.000000e+00  1.393130e+00  3.729701e-01  7.817205e-03  4.772201e+00  9.944500e+04  7.122500e+04  5.486200e+04  7.741055e-01  5.629866e-01  1.000000e+00  7.790307e-01
0.000000e+00  0.000000e+00  0.000000e+00  1.111117e+00  3.022291e-01  4.507042e-02  1.840220e+00  2.656300e+04  4.141200e+04  1.687400e+04  3.917275e+00  9.163069e-01  1.000000e+00  1.944527e+00
0.000000e+00  0.000000e+00  0.000000e+00  1.963642e+00  7.087591e-01  4.356741e-02  5.397928e+00  2.120100e+04  1.990100e+04  7.022500e+04  8.855535e-02  9.960114e-01  1.000000e+00  6.948556e-01
0.000000e+00  0.000000e+00  0.000000e+00  1.053479e+00  2.531190e-01  6.175483e-03  9.969842e+00  7.035100e+04  7.027900e+04  5.145300e+04  4.578589e-03  7.004767e-01  1.000000e+00  5.683517e-01
0.000000e+00  0.000000e+00  0.000000e+00  4.990806e+00  9.958502e-01  8.755533e-03  8.159187e+00  6.341000e+04  9.087200e+04  9.334400e+04  2.038852e-01  9.408633e-01  1.000000e+00  7.149162e-01
0.000000e+00  0.000000e+00  0.000000e+00  4.831177e+00  2.851676e-01  5.551188e-04  9.995210e+00  7.528200e+04  6.330900e+04  8.810200e+04  5.284089e-01  3.637313e-01  1.000000e+00  6.307134e-01
0.000000e+00  0.000000e+00  0.000000e+00  4.922141e+00  9.997076e-01  4.898683e-02  6.112616e+00  3.814000e+04  3.593400e+04  5.298400e+04  5.380796e-02  9.963740e-01  1.000000e+00  6.833940e-01
0.000000e+00  0.000000e+00  0.000000e+00  1.225795e+00  2.523466e-01  4.540711e-02  9.993279e+00  4.414100e+04  3.496300e+04  8.647900e+04  5.294820e-02  9.622877e-01  1.000000e+00  6.717453e-01
0.000000e+00  0.000000e+00  0.000000e+00  1.096699e+00  9.984134e-01  6.007529e-04  2.774893e+00  2.229500e+04  4.260000e+02  6.155700e+04  1.838926e-01  8.788754e-01  1.000000e+00  6.875893e-01
0.000000e+00  0.000000e+00  0.000000e+00  4.995777e+00  6.249076e-01  9.614646e-04  7.618759e+00  8.779600e+04  6.506700e+04  2.207200e+04  2.115958e-01  4.266704e-01  1.000000e+00  5.460887e-01
0.000000e+00  0.000000e+00  0.000000e+00  4.864060e+00  9.868369e-01  4.957554e-02  9.991021e+00  7.443300e+04  4.746000e+04  3.114000e+04  3.559476e-01  9.991336e-01  1.000000e+00  7.850271e-01
0.000000e+00  0.000000e+00  0.000000e+00  4.939771e+00  7.958888e-01  1.328912e-03  6.625159e+00  1.267800e+04  5.989600e+04  7.409100e+04  1.657759e-01  5.852397e-01  1.000000e+00  5.836719e-01
0.000000e+00  0.000000e+00  0.000000e+00  1.019184e+00  9.997492e-01  1.272528e-03  2.057494e+00  8.665600e+04  9.242100e+04  4.732000e+04  5.324533e-01  8.462585e-01  1.000000e+00  7.929039e-01
0.000000e+00  0.000000e+00  0.000000e+00  4.840110e+00  5.986166e-01  2.428598e-03  9.994109e+00  8.992000e+03  3.470000e+02  3.619300e+04  6.315776e-02  6.671333e-01  1.000000e+00  5.767637e-01
0.000000e+00  0.000000e+00  0.000000e+00  4.967139e+00  7.621206e-01  4.058440e-04  7.290915e+00  8.749800e+04  1.518000e+04  1.626700e+04  9.564686e-02  5.625739e-01  1.000000e+00  5.527402e-01
0.000000e+00  0.000000e+00  0.000000e+00  1.516813e+00  2.564874e-01  1.231857e-05  8.733966e+00  9.808500e+04  1.691400e+04  9.797400e+04  2.920992e-01  1.377922e-01  1.000000e+00  4.766305e-01
0.000000e+00  0.000000e+00  0.000000e+00  4.982268e+00  6.129360e-01  5.336918e-04  8.062625e+00  7.484200e+04  2.365900e+04  1.399800e+04  1.589740e-01  4.279278e-01  1.000000e+00  5.289673e-01
0.000000e+00  0.000000e+00  0.000000e+00  1.101735e+00  9.726638e-01  4.992621e-02  6.874507e+00  1.747700e+04  7.349100e+04  8.326600e+04  5.110317e-01  9.994048e-01  1.000000e+00  8.368121e-01
0.000000e+00  0.000000e+00  0.000000e+00  1.010334e+00  6.448734e-01  1.350168e-03  3.534530e+00  8.957800e+04  5.449300e+04  8.134100e+04  3.660115e-01  7.338733e-01  1.000000e+00  6.999616e-01
0.000000e+00  0.000000e+00  0.000000e+00  1.248631e+00  2.533731e-01  5.244177e-04  7.830217e+00  6.372100e+04  5.472400e+04  1.588500e+04  3.624289e-01  1.820112e-01  1.000000e+00  5.148134e-01
0.000000e+00  0.000000e+00  0.000000e+00  2.455101e+00  2.519200e-01  1.867135e-04  8.467724e+00  1.984700e+04  2.509300e+04  5.438100e+04  5.789482e-01  2.476125e-01  1.000000e+00  6.088536e-01
0.000000e+00  0.000000e+00  0.000000e+00  1.099615e+00  2.543454e-01  2.717430e-03  8.445077e+00  8.172300e+04  8.601800e+04  6.499200e+04  2.044243e-01  4.505480e-01  1.000000e+00  5.516574e-01
0.000000e+00  0.000000e+00  0.000000e+00  1.531098e+00  2.533504e-01  1.229566e-03  8.731250e+00  5.935200e+04  9.001000e+04  2.538100e+04  3.065762e-01  2.036959e-01  1.000000e+00  5.034240e-01
0.000000e+00  0.000000e+00  0.000000e+00  1.401975e+00  9.984511e-01  4.991789e-02  4.580016e+00  5.306400e+04  7.090000e+04  2.959000e+03  1.894125e-01  9.973242e-01  1.000000e+00  7.289122e-01
0.000000e+00  0.000000e+00  0.000000e+00  1.019179e+00  5.440408e-01  4.363820e-03  6.193977e+00  7.051700e+04  4.251900e+04  8.674900e+04  9.730633e-02  8.942260e-01  1.000000e+00  6.638441e-01
0.000000e+00  0.000000e+00  0.000000e+00  1.001920e+00  2.500372e-01  1.471616e-04  9.191628e+00  2.112100e+04  9.728600e+04  7.751200e+04  8.415493e-02  4.151978e-01  1.000000e+00  4.997843e-01
0.000000e+00  0.000000e+00  0.000000e+00  1.077680e+00  2.976227e-01  7.115458e-04  6.861633e+00  3.828000e+03  4.478800e+04  5.180000e+04  3.229699e-01  3.594309e-01  1.000000e+00  5.608003e-01
0.000000e+00  0.000000e+00  0.000000e+00  1.129345e+00  3.333911e-01  1.106112e-03  9.330652e+00  3.667000e+03  1.532600e+04  2.124000e+03  9.176312e-02  6.858416e-01  1.000000e+00  5.925349e-01
0.000000e+00  0.000000e+00  0.000000e+00  1.023261e+00  2.510181e-01  6.318254e-03  9.075438e+00  7.395000e+03  7.697000e+04  4.916500e+04  1.008547e-01  6.514885e-01  1.000000e+00  5.841144e-01
0.000000e+00  0.000000e+00  0.000000e+00  4.817577e+00  4.549223e-01  9.887478e-04  8.925969e+00  3.892200e+04  4.818500e+04  8.299500e+04  2.674420e-01  2.237939e-01  1.000000e+00  4.970786e-01
0.000000e+00  0.000000e+00  0.000000e+00  1.254086e+00  2.877108e-01  9.023038e-04  8.920960e+00  3.526600e+04  6.248400e+04  7.082600e+04  9.563897e-02  4.619411e-01  1.000000e+00  5.191934e-01
0.000000e+00  0.000000e+00  0.000000e+00  1.047407e+00  2.511591e-01  2.294722e-04  8.692133e+00  2.923800e+04  5.416100e+04  9.066800e+04  1.615107e-01  3.502658e-01  1.000000e+00  5.039255e-01
0.000000e+00  0.000000e+00  0.000000e+00  1.021497e+00  2.513588e-01  8.400630e-04  7.624985e+00  4.889600e+04  2.600200e+04  6.854200e+04  3.136443e-01  2.916717e-01  1.000000e+00  5.351053e-01
0.000000e+00  0.000000e+00  0.000000e+00  4.988127e+00  5.630281e-01  2.287476e-04  9.100511e+00  4.628700e+04  5.391600e+04  3.369300e+04  8.823549e-02  4.211179e-01  1.000000e+00  5.031178e-01
0.000000e+00  0.000000e+00  0.000000e+00  4.979999e+00  5.255555e-01  7.656202e-04  8.757936e+00  2.309800e+04  9.444100e+04  9.842000e+03  1.853949e-01  3.437501e-01  1.000000e+00  5.097150e-01
0.000000e+00  0.000000e+00  0.000000e+00  4.994214e+00  5.234080e-01  2.618312e-04  9.068050e+00  3.591700e+04  9.256500e+04  8.997200e+04  1.488507e-01  3.374159e-01  1.000000e+00  4.954222e-01
0.000000e+00  0.000000e+00  0.000000e+00  4.867630e+00  5.723084e-01  8.974639e-04  9.234993e+00  7.914500e+04  4.001100e+04  2.058200e+04  5.071676e-02  5.000246e-01  1.000000e+00  5.169138e-01
0.000000e+00  0.000000e+00  0.000000e+00  4.916921e+00  4.093966e-01  1.221585e-03  8.830481e+00  7.389600e+04  5.850600e+04  4.715800e+04  3.830783e-01  8.090764e-02  1.000000e+00  4.879953e-01
0.000000e+00  0.000000e+00  0.000000e+00  4.971485e+00  6.663780e-01  2.856579e-04  9.242737e+00  8.645000e+04  9.658200e+04  9.120800e+04  4.990916e-02  6.052830e-01  1.000000e+00  5.517307e-01
0.000000e+00  0.000000e+00  0.000000e+00  4.993204e+00  5.004329e-01  1.988074e-04  8.960252e+00  6.522200e+04  7.317000e+04  6.055900e+04  1.988724e-01  2.686854e-01  1.000000e+00  4.891860e-01
0.000000e+00  0.000000e+00  0.000000e+00  4.813364e+00  4.473155e-01  1.516715e-03  9.119630e+00  6.532300e+04  1.803900e+04  1.876600e+04  2.535376e-01  2.582403e-01  1.000000e+00  5.039260e-01
0.000000e+00  0.000000e+00  0.000000e+00  4.989364e+00  4.918936e-01  5.965089e-04  8.742186e+00  9.636400e+04  8.348500e+04  3.496200e+04  2.430411e-01  2.520571e-01  1.000000e+00  4.983661e-01
0.000000e+00  0.000000e+00  0.000000e+00  4.943632e+00  3.071051e-01  7.595043e-04  9.022214e+00  5.372000e+03  3.015700e+04  5.269500e+04  6.303566e-01  3.620159e-01  1.000000e+00  6.641242e-01
0.000000e+00  0.000000e+00  0.000000e+00  4.936474e+00  6.058356e-01  8.857730e-05  8.628519e+00  3.946000e+03  7.552100e+04  9.130400e+04  8.757842e-02  4.505573e-01  1.000000e+00  5.127119e-01
0.000000e+00  0.000000e+00  0.000000e+00  4.533334e+00  4.901604e-01  5.202996e-04  9.418828e+00  7.753800e+04  7.591000e+03  9.253000e+04  1.182916e-01  3.693185e-01  1.000000e+00  4.958700e-01
0.000000e+00  0.000000e+00  0.000000e+00  4.868167e+00  5.028627e-01  3.453431e-04  9.043294e+00  5.952600e+04  5.602500e+04  9.532000e+04  1.735876e-01  3.083807e-01  1.000000e+00  4.939894e-01
0.000000e+00  0.000000e+00  0.000000e+00  1.055984e+00  2.699830e-01  2.365838e-04  9.901874e+00  1.462600e+04  5.422100e+04  4.155100e+04  2.972199e-02  5.384933e-01  1.000000e+00  5.227384e-01
0.000000e+00  0.000000e+00  0.000000e+00  4.640220e+00  4.594267e-01  7.117655e-04  8.728760e+00  8.123300e+04  3.574000e+04  4.900600e+04  2.720259e-01  2.191322e-01  1.000000e+00  4.970527e-01
0.000000e+00  0.000000e+00  0.000000e+00  4.468051e+00  4.907661e-01  7.378663e-04  8.972819e+00  4.385600e+04  1.066100e+04  4.156400e+04  1.679111e-01  3.476373e-01  1.000000e+00  5.051828e-01
0.000000e+00  0.000000e+00  0.000000e+00  4.252949e+00  4.705781e-01  4.085274e-04  8.945502e+00  8.667200e+04  5.908300e+04  6.081200e+04  1.856113e-01  3.037292e-01  1.000000e+00  4.964468e-01
0.000000e+00  0.000000e+00  0.000000e+00  4.275969e+00  4.401120e-01  1.538896e-04  8.908707e+00  5.158400e+04  2.832200e+04  1.071000e+04  2.480283e-01  1.965102e-01  1.000000e+00  4.815128e-01
0.000000e+00  0.000000e+00  0.000000e+00  4.343168e+00  4.496377e-01  9.383674e-05  8.829926e+00  8.330000e+02  7.851800e+04  2.458700e+04  2.478880e-01  2.005973e-01  1.000000e+00  4.828284e-01
0.000000e+00  0.000000e+00  0.000000e+00  4.902280e+00  4.715678e-01  9.830780e-05  8.775018e+00  7.262800e+04  7.859400e+04  5.686200e+04  2.667504e-01  1.782672e-01  1.000000e+00  4.816725e-01
0.000000e+00  0.000000e+00  0.000000e+00  1.819744e+00  2.543518e-01  1.633518e-03  9.976512e+00  5.893000e+04  6.775900e+04  3.032300e+04  NaN  NaN  NaN  NaN
0.000000e+00  0.000000e+00  0.000000e+00  4.663040e+00  4.624785e-01  4.075975e-05  9.358527e+00  1.602800e+04  8.842400e+04  3.955500e+04  NaN  NaN  NaN  NaN
0.000000e+00  0.000000e+00  0.000000e+00  1.035213e+00  3.681536e-01  1.152543e-03  7.898908e+00  7.497400e+04  9.271400e+04  4.727000e+04  NaN  NaN  NaN  NaN
