2.773059e-02  2.898904e-02  7.300989e-02  1.321429e+00  4.268420e-01  4.886718e-02  7.476421e+00  5.275636e+06  9.190938e+01  8.175715e-05  3.241200e+04  7.850000e+02  9.383100e+04  9.400800e+04  3.231400e+04  3.569500e+04  NaN  NaN  NaN  NaN
1.194340e-02  2.473134e-02  9.852728e-02  1.321429e+00  4.268420e-01  4.886718e-02  7.476421e+00  8.812610e+06  3.087953e+02  5.385548e-05  9.730100e+04  7.104400e+04  3.614100e+04  2.934100e+04  1.558400e+04  3.421100e+04  2.694599e-01  1.497001e+01  1.096113e+02  4.161691e+01
5.700534e-03  1.567590e-02  7.502295e-02  1.321429e+00  4.268420e-01  4.886718e-02  7.476421e+00  7.993743e+06  7.977582e+02  8.257671e-05  1.348600e+04  6.743900e+04  9.301400e+04  5.331700e+04  1.149700e+04  6.539700e+04  2.827963e-01  1.516355e+01  9.457928e+01  3.667521e+01
1.964082e-02  1.821538e-02  6.665007e-02  1.321429e+00  4.268420e-01  4.886718e-02  7.476421e+00  1.446908e+07  8.219434e+02  1.062801e-04  6.383500e+04  5.194700e+04  1.397900e+04  6.508800e+04  3.018400e+04  7.101100e+04  3.230916e-01  2.025675e+01  1.096699e+02  4.341656e+01
2.549583e-02  2.896100e-02  8.038619e-02  1.321429e+00  4.268420e-01  4.886718e-02  7.476421e+00  9.192890e+06  3.458018e+02  1.138160e-04  4.118000e+04  1.020000e+04  1.454200e+04  6.426500e+04  3.249900e+04  8.229200e+04  2.989210e-01  1.657532e+01  1.183972e+02  4.509047e+01
8.557863e-03  1.553315e-02  5.074074e-02  1.321429e+00  4.268420e-01  4.886718e-02  7.476421e+00  1.400659e+07  4.329431e+02  1.354751e-04  5.249700e+04  8.898600e+04  7.909000e+04  2.693600e+04  4.063900e+04  9.835600e+04  3.561288e-01  2.174054e+01  1.120656e+02  4.472075e+01
2.876016e-02  2.704585e-02  6.009590e-02  1.321429e+00  4.268420e-01  4.886718e-02  7.476421e+00  5.399834e+06  6.899487e+01  1.251587e-04  7.996000e+04  6.656000e+04  6.523100e+04  9.806900e+04  9.821300e+04  3.510700e+04  3.004073e-01  1.705415e+01  1.058907e+02  4.108175e+01
1.962267e-02  2.027400e-02  5.555566e-02  1.321429e+00  4.268420e-01  4.886718e-02  7.476421e+00  1.044224e+07  6.731925e+02  8.564505e-05  8.972300e+04  3.187400e+04  3.414200e+04  6.595600e+04  9.603600e+04  2.081200e+04  2.925385e-01  1.590442e+01  9.717504e+01  3.779067e+01
2.732357e-02  1.844050e-02  7.760062e-02  1.321429e+00  4.268420e-01  4.886718e-02  7.476421e+00  9.926592e+06  3.602155e+02  1.457654e-04  9.986900e+04  8.445900e+04  9.079100e+04  9.819000e+03  7.662400e+04  9.653600e+04  3.451918e-01  1.823311e+01  1.034436e+02  4.067397e+01
2.440900e-02  4.125989e-05  6.670139e-02  1.321429e+00  4.268420e-01  4.886718e-02  7.476421e+00  1.453474e+07  3.308123e+02  1.182218e-04  4.100000e+04  5.992600e+04  4.760400e+04  8.267200e+04  3.874900e+04  7.266000e+04  4.173874e+00  6.141609e+02  4.568358e+01  2.213395e+02
2.691561e-02  1.869387e-02  7.898133e-02  1.321429e+00  4.268420e-01  4.886718e-02  7.476421e+00  1.198158e+07  8.752198e+02  8.398716e-05  6.759600e+04  8.795800e+04  9.114100e+04  8.411500e+04  3.167400e+04  2.194300e+04  3.307526e-01  1.762965e+01  1.062968e+02  4.141906e+01
2.554635e-02  7.792540e-03  6.327328e-02  1.321429e+00  4.268420e-01  4.886718e-02  7.476421e+00  1.477691e+07  4.964971e+02  6.377885e-05  4.432300e+04  6.220000e+04  9.799900e+04  4.841500e+04  3.782000e+03  1.526600e+04  3.407577e-01  1.866035e+01  8.076386e+01  3.325499e+01
6.429237e-03  2.675886e-03  8.991073e-02  1.321429e+00  4.268420e-01  4.886718e-02  7.476421e+00  9.104481e+06  2.169380e+02  1.044518e-04  7.303000e+04  8.608200e+04  2.904100e+04  2.788500e+04  3.592800e+04  5.984200e+04  NaN  NaN  NaN  NaN
6.837975e-04  1.230278e-02  9.215422e-02  1.321429e+00  4.268420e-01  4.886718e-02  7.476421e+00  1.386296e+07  1.969415e+02  6.025323e-05  2.204600e+04  8.954700e+04  6.222300e+04  4.530000e+04  2.327800e+04  9.275300e+04  NaN  NaN  NaN  NaN
2.770367e-02  2.217717e-02  7.979575e-02  1.321429e+00  4.268420e-01  4.886718e-02  7.476421e+00  8.195277e+06  3.463913e+02  9.202456e-05  1.855700e+04  9.495300e+04  2.638900e+04  1.577600e+04  4.784100e+04  2.994000e+04  2.991140e-01  1.634815e+01  1.028417e+02  3.982967e+01
2.889394e-03  1.926290e-02  7.578440e-02  1.321429e+00  4.268420e-01  4.886718e-02  7.476421e+00  5.153242e+06  7.169111e+02  5.730671e-05  2.389100e+04  7.246900e+04  3.819500e+04  1.527200e+04  4.316500e+04  8.672500e+04  3.028781e-01  1.679956e+01  1.423380e+02  5.314681e+01
1.872952e-02  1.640193e-03  8.825237e-02  1.321429e+00  4.268420e-01  4.886718e-02  7.476421e+00  1.172098e+07  5.303545e+02  6.897210e-05  7.850400e+04  6.413600e+04  3.278800e+04  3.124000e+04  6.071600e+04  2.231600e+04  5.796153e-01  4.446466e+01  6.646429e+01  3.716952e+01
1.108361e-02  2.242705e-02  8.401414e-02  1.321429e+00  4.268420e-01  4.886718e-02  7.476421e+00  5.047234e+06  1.902165e+02  7.168906e-05  8.676100e+04  1.388500e+04  2.842500e+04  4.686600e+04  8.276000e+03  1.702200e+04  3.361128e-01  1.965022e+01  1.095432e+02  4.317650e+01
2.902825e-02  2.675610e-02  6.376485e-02  1.321429e+00  4.268420e-01  4.886718e-02  7.476421e+00  1.195271e+07  9.895613e+02  1.259988e-04  1.446200e+04  7.644400e+04  2.470800e+04  3.523200e+04  2.295000e+04  4.470100e+04  3.368347e-01  1.770563e+01  1.086868e+02  4.224309e+01
1.325247e-02  1.103168e-02  7.493728e-02  1.321429e+00  4.268420e-01  4.886718e-02  7.476421e+00  1.404187e+07  7.111966e+02  9.520224e-05  6.667000e+03  1.895900e+04  7.307400e+04  1.504000e+04  1.216800e+04  9.459800e+04  3.119403e-01  1.679475e+01  9.177132e+01  3.629267e+01
1.324625e-03  1.798796e-02  5.358166e-02  1.321429e+00  4.268420e-01  4.886718e-02  7.476421e+00  1.278619e+07  4.422235e+02  9.867328e-05  4.932200e+04  8.809700e+04  3.993500e+04  3.137700e+04  3.073300e+04  6.538200e+04  3.257337e-01  2.044882e+01  1.096373e+02  4.347060e+01
4.541386e-03  6.014144e-03  5.520276e-02  1.321429e+00  4.268420e-01  4.886718e-02  7.476421e+00  9.455246e+06  7.426515e+02  1.023267e-04  8.356000e+03  6.431800e+04  5.963800e+04  8.854500e+04  8.471700e+04  8.467300e+04  2.826499e-01  1.544072e+01  6.646289e+01  2.739542e+01
2.281703e-02  1.408285e-02  6.010323e-02  1.321429e+00  4.268420e-01  4.886718e-02  7.476421e+00  1.025302e+07  4.936938e+02  1.285584e-04  6.733800e+04  2.778600e+04  2.873500e+04  9.899500e+04  1.468400e+04  7.526000e+03  2.995912e-01  1.672716e+01  9.033266e+01  3.578647e+01
1.457664e-02  9.793534e-03  8.839189e-02  1.321429e+00  4.268420e-01  4.886718e-02  7.476421e+00  7.566231e+06  5.684406e+02  5.294752e-05  9.710900e+04  6.937700e+04  7.285100e+04  1.363600e+04  6.309100e+04  4.941000e+04  3.084900e-01  1.718757e+01  8.909616e+01  3.553074e+01
1.923201e-02  7.615226e-03  6.322067e-02  1.321429e+00  4.268420e-01  4.886718e-02  7.476421e+00  8.395016e+06  7.058026e+02  1.390358e-04  6.814800e+04  8.328600e+04  7.620000e+04  3.300800e+04  8.738400e+04  4.917400e+04  2.970091e-01  1.676372e+01  7.518662e+01  3.074912e+01
2.629370e-02  2.846997e-02  9.645229e-02  1.321429e+00  4.268420e-01  4.886718e-02  7.476421e+00  1.420601e+07  6.369884e+02  6.945325e-05  1.987000e+03  9.967300e+04  2.031000e+03  3.689800e+04  7.397300e+04  2.437100e+04  3.598824e-01  2.048019e+01  1.235296e+02  4.812323e+01
1.132991e-02  1.615438e-02  7.134695e-02  1.321429e+00  4.268420e-01  4.886718e-02  7.476421e+00  7.526606e+06  8.046981e+01  5.432118e-05  5.162800e+04  4.726400e+04  9.843100e+04  4.295900e+04  1.125300e+04  5.493900e+04  3.077932e-01  1.611475e+01  9.876433e+01  3.839562e+01
6.700071e-03  1.949492e-03  7.225749e-02  1.321429e+00  4.268420e-01  4.886718e-02  7.476421e+00  6.801434e+06  8.023689e+02  1.102447e-04  1.661100e+04  9.682700e+04  3.347100e+04  6.418000e+03  2.120100e+04  1.990100e+04  3.341334e-01  1.792992e+01  5.348693e+01  2.391700e+01
2.677356e-02  1.206815e-02  6.338635e-02  1.321429e+00  4.268420e-01  4.886718e-02  7.476421e+00  1.485477e+07  8.805686e+02  1.452676e-04  8.460000e+03  1.876100e+04  1.700100e+04  3.007100e+04  8.125200e+04  8.027400e+04  3.532495e-01  2.096731e+01  8.954782e+01  3.695613e+01
5.191053e-03  2.473403e-02  6.270024e-02  1.321429e+00  4.268420e-01  4.886718e-02  7.476421e+00  5.380801e+06  5.014754e+02  7.739533e-05  8.841500e+04  4.009500e+04  8.604100e+04  1.019900e+04  7.035100e+04  7.027900e+04  2.707936e-01  1.475181e+01  1.004187e+02  3.848045e+01
3.061932e-03  2.051631e-02  9.182627e-02  1.321429e+00  4.268420e-01  4.886718e-02  7.476421e+00  1.487130e+07  3.140423e+02  1.352513e-04  5.200700e+04  3.814000e+04  3.593400e+04  5.298400e+04  1.389900e+04  7.508000e+04  3.791130e-01  2.702753e+01  1.299254e+02  5.244401e+01
2.002693e-02  6.596583e-04  5.983591e-02  1.321429e+00  4.268420e-01  4.886718e-02  7.476421e+00  8.865043e+06  1.370664e+02  1.125599e-04  7.505700e+04  8.740000e+02  5.712200e+04  4.986000e+04  2.656300e+04  4.141200e+04  7.370145e-01  5.311184e+01  4.875745e+01  3.420210e+01
1.598626e-03  9.905035e-03  7.774563e-02  1.321429e+00  4.268420e-01  4.886718e-02  7.476421e+00  7.186581e+06  2.755346e+02  5.279194e-05  7.122500e+04  5.486200e+04  9.691900e+04  6.112900e+04  6.341000e+04  9.087200e+04  2.934791e-01  1.539269e+01  8.500335e+01  3.356317e+01
7.509412e-03  1.833042e-04  7.234422e-02  1.321429e+00  4.268420e-01  4.886718e-02  7.476421e+00  1.381191e+07  8.773213e+02  1.285443e-04  7.923600e+04  4.414100e+04  3.496300e+04  8.647900e+04  6.810100e+04  2.674300e+04  8.734766e-01  7.271383e+01  3.229695e+01  3.529475e+01
8.144109e-03  2.049457e-02  7.916344e-02  1.321429e+00  4.268420e-01  4.886718e-02  7.476421e+00  5.367520e+06  6.756355e+02  1.008568e-04  3.114000e+04  6.903000e+04  5.604700e+04  8.749800e+04  1.518000e+04  1.626700e+04  3.184309e-01  1.769558e+01  1.037629e+02  4.059232e+01
1.385057e-02  2.390922e-02  5.271235e-02  1.321429e+00  4.268420e-01  4.886718e-02  7.476421e+00  8.560261e+06  4.729847e+02  6.723011e-05  8.205300e+04  7.528200e+04  6.330900e+04  8.810200e+04  1.639100e+04  3.940400e+04  2.903010e-01  1.568562e+01  9.792218e+01  3.796603e+01
2.600786e-02  2.127247e-02  7.841661e-02  1.321429e+00  4.268420e-01  4.886718e-02  7.476421e+00  8.573137e+06  8.541316e+02  9.188700e-05  4.597500e+04  2.229500e+04  4.260000e+02  6.155700e+04  2.889800e+04  4.586000e+03  3.547936e-01  1.991400e+01  1.116264e+02  4.396507e+01
7.521034e-03  1.338664e-02  9.678662e-02  1.321429e+00  4.268420e-01  4.886718e-02  7.476421e+00  1.129163e+07  7.627663e+02  9.541256e-05  8.957800e+04  5.449300e+04  8.134100e+04  6.481500e+04  4.037200e+04  5.935200e+04  3.319682e-01  1.939740e+01  1.038017e+02  4.117701e+01
2.633035e-02  6.470058e-03  7.010825e-02  1.321429e+00  4.268420e-01  4.886718e-02  7.476421e+00  6.308737e+06  2.117461e+02  1.271290e-04  7.409100e+04  5.068600e+04  7.620200e+04  9.808500e+04  1.691400e+04  9.797400e+04  4.039883e-01  2.626318e+01  1.183875e+02  4.835156e+01
1.725937e-02  1.545612e-02  8.843481e-02  1.321429e+00  4.268420e-01  4.886718e-02  7.476421e+00  1.266828e+07  2.483140e+02  1.083714e-04  4.732000e+04  5.052400e+04  4.667100e+04  7.484200e+04  2.365900e+04  1.399800e+04  3.042544e-01  1.631014e+01  9.681755e+01  3.781065e+01
5.259089e-03  6.734075e-03  5.359167e-02  1.321429e+00  4.268420e-01  4.886718e-02  7.476421e+00  7.812078e+06  4.794068e+02  9.723533e-05  2.207200e+04  6.234800e+04  3.760800e+04  8.992000e+03  3.470000e+02  3.619300e+04  3.189257e-01  1.799828e+01  7.400542e+01  3.077421e+01
2.431397e-02  2.711841e-02  9.553073e-02  1.321429e+00  4.268420e-01  4.886718e-02  7.476421e+00  8.146824e+06  8.019462e+02  1.102684e-04  5.668500e+04  2.167000e+04  3.828000e+03  4.478800e+04  5.180000e+04  5.183200e+04  3.070243e-01  1.760779e+01  1.100248e+02  4.264653e+01
8.373945e-05  1.300122e-02  9.282300e-02  1.321429e+00  4.268420e-01  4.886718e-02  7.476421e+00  9.173982e+06  7.738096e+02  5.347646e-05  6.372100e+04  5.472400e+04  1.588500e+04  1.870300e+04  7.623100e+04  5.306400e+04  3.090203e-01  1.706733e+01  8.943082e+01  3.560239e+01
8.981927e-03  2.027347e-02  9.184719e-02  1.321429e+00  4.268420e-01  4.886718e-02  7.476421e+00  9.463413e+06  2.599571e+02  1.467501e-04  1.747700e+04  7.349100e+04  8.326600e+04  6.173000e+03  1.292200e+04  8.172300e+04  2.829382e-01  1.522680e+01  1.010671e+02  3.885896e+01
8.877932e-03  1.125137e-02  6.208395e-02  1.321429e+00  4.268420e-01  4.886718e-02  7.476421e+00  1.399999e+07  6.267465e+02  7.815255e-05  1.984700e+04  2.509300e+04  5.438100e+04  7.482000e+03  9.900400e+04  7.051700e+04  3.071007e-01  1.606720e+01  8.468454e+01  3.368628e+01
4.587266e-03  1.159110e-03  7.099846e-02  1.321429e+00  4.268420e-01  4.886718e-02  7.476421e+00  8.602157e+06  1.097961e+02  6.389590e-05  8.373900e+04  4.161500e+04  3.667000e+03  1.532600e+04  2.124000e+03  1.316100e+04  NaN  NaN  NaN  NaN
2.519196e-02  5.491040e-03  9.302768e-02  1.321429e+00  4.268420e-01  4.886718e-02  7.476421e+00  1.273802e+07  2.816614e+01  1.253795e-04  6.248400e+04  7.082600e+04  3.145000e+04  8.558500e+04  2.309800e+04  9.444100e+04  4.675473e-01  2.603250e+01  8.604679e+01  3.751561e+01
2.130602e-02  1.688708e-02  9.784816e-02  1.321429e+00  4.268420e-01  4.886718e-02  7.476421e+00  1.252060e+07  8.772785e+02  1.411056e-04  8.969400e+04  6.453900e+04  7.395000e+03  7.697000e+04  4.916500e+04  7.206000e+04  3.196383e-01  1.868540e+01  1.025523e+02  4.051912e+01
5.506597e-03  2.754980e-02  7.618049e-02  1.321429e+00  4.268420e-01  4.886718e-02  7.476421e+00  1.196293e+07  8.529132e+02  1.206575e-04  6.486400e+04  3.213700e+04  2.112100e+04  9.728600e+04  7.751200e+04  1.119300e+04  2.816375e-01  1.507505e+01  1.091386e+02  4.149844e+01
2.623240e-02  2.522188e-02  9.483002e-02  1.321429e+00  4.268420e-01  4.886718e-02  7.476421e+00  5.517814e+06  8.369317e+02  1.174433e-04  2.390000e+02  8.645000e+04  9.658200e+04  9.120800e+04  4.973400e+04  4.071100e+04  2.900747e-01  1.640659e+01  1.087341e+02  4.181025e+01
1.005386e-02  1.382373e-02  8.333262e-02  1.321429e+00  4.268420e-01  4.886718e-02  7.476421e+00  1.385446e+07  8.297384e+02  8.703580e-05  5.416100e+04  9.066800e+04  4.786000e+03  4.557600e+04  3.591700e+04  9.256500e+04  3.290222e-01  1.982150e+01  1.054127e+02  4.185441e+01
2.867810e-02  1.651981e-02  7.901636e-02  1.321429e+00  4.268420e-01  4.886718e-02  7.476421e+00  9.320920e+06  2.922889e+02  6.723810e-05  2.600200e+04  6.854200e+04  8.875700e+04  9.783200e+04  7.914500e+04  4.001100e+04  NaN  NaN  NaN  NaN
8.296976e-03  2.395658e-02  6.892285e-02  1.321429e+00  4.268420e-01  4.886718e-02  7.476421e+00  1.170508e+07  9.638328e+02  7.365799e-05  3.496200e+04  9.563900e+04  1.104200e+04  7.753800e+04  7.591000e+03  9.253000e+04  2.754875e-01  1.499116e+01  1.016735e+02  3.898006e+01
1.497972e-02  1.254407e-04  7.825319e-02  1.321429e+00  4.268420e-01  4.886718e-02  7.476421e+00  5.163679e+06  7.359530e+01  9.722444e-05  5.165700e+04  6.522200e+04  7.317000e+04  6.055900e+04  5.319000e+04  4.264800e+04  1.345854e+00  8.808560e+01  3.514869e+01  4.152671e+01
2.390474e-02  8.582461e-03  5.330702e-02  1.321429e+00  4.268420e-01  4.886718e-02  7.476421e+00  1.219009e+07  9.789115e+02  1.442096e-04  4.818500e+04  8.299500e+04  7.195500e+04  6.705400e+04  4.628700e+04  5.391600e+04  3.192789e-01  1.802019e+01  7.810229e+01  3.214725e+01
2.743274e-02  1.479984e-02  9.832354e-02  1.321429e+00  4.268420e-01  4.886718e-02  7.476421e+00  5.005754e+06  2.816045e+02  1.388155e-04  9.027600e+04  1.462600e+04  5.422100e+04  4.155100e+04  1.640600e+04  9.603500e+04  4.054450e-01  2.152244e+01  1.102014e+02  4.404309e+01
1.033096e-02  2.645324e-05  9.283024e-02  1.321429e+00  4.268420e-01  4.886718e-02  7.476421e+00  1.440876e+07  6.759763e+02  7.877666e-05  4.385600e+04  1.066100e+04  4.156400e+04  9.603600e+04  6.803400e+04  8.330000e+02  2.478488e+00  2.972228e+02  2.568430e+01  1.084619e+02
1.860566e-02  5.439991e-04  6.053289e-02  1.321429e+00  4.268420e-01  4.886718e-02  7.476421e+00  5.470126e+06  9.987927e+02  1.272425e-04  5.269500e+04  7.635500e+04  2.491400e+04  5.952600e+04  5.602500e+04  9.532000e+04  4.744491e-01  2.657487e+01  3.615445e+01  2.106792e+01
2.846905e-02  2.097135e-02  6.637164e-02  1.321429e+00  4.268420e-01  4.886718e-02  7.476421e+00  1.462582e+07  1.094761e+01  1.413210e-04  7.666000e+03  7.389600e+04  5.850600e+04  4.715800e+04  5.590800e+04  8.557900e+04  4.271132e-01  3.968315e+01  1.845439e+02  7.488471e+01
2.801613e-02  3.024470e-05  9.421775e-02  1.321429e+00  4.268420e-01  4.886718e-02  7.476421e+00  1.143178e+07  7.602962e+02  6.446413e-05  5.686200e+04  2.789700e+04  1.717200e+04  9.490300e+04  8.327900e+04  2.785500e+04  9.641888e+00  3.576104e+03  1.119219e+02  1.232556e+03
1.373929e-02  7.942775e-03  7.120983e-02  1.321429e+00  4.268420e-01  4.886718e-02  7.476421e+00  1.064694e+07  1.118737e+01  8.928317e-05  8.667200e+04  5.908300e+04  6.081200e+04  9.731700e+04  2.427000e+04  1.602800e+04  3.042061e-01  1.635441e+01  7.899924e+01  3.188595e+01
1.916225e-02  3.970893e-03  7.284056e-02  1.321429e+00  4.268420e-01  4.886718e-02  7.476421e+00  1.388543e+07  9.990019e+02  9.312982e-05  9.180000e+02  7.791200e+04  5.893000e+04  6.775900e+04  3.032300e+04  4.129700e+04  4.275334e-01  3.163592e+01  1.446675e+02  5.891033e+01
2.386891e-02  6.834902e-05  5.882961e-02  1.321429e+00  4.268420e-01  4.886718e-02  7.476421e+00  9.992466e+06  9.939255e+02  8.775782e-05  1.876600e+04  4.231500e+04  3.196200e+04  3.946000e+03  7.552100e+04  9.130400e+04  1.933413e+00  1.733550e+02  2.987916e+01  6.838919e+01
1.428462e-04  2.357157e-04  9.081024e-02  1.321429e+00  4.268420e-01  4.886718e-02  7.476421e+00  6.240384e+06  7.774720e+02  9.297527e-05  2.025000e+04  3.238000e+04  7.292400e+04  4.527000e+04  9.387700e+04  7.167300e+04  2.830481e-01  1.470503e+01  2.372277e+01  1.290362e+01
2.293586e-05  2.983714e-02  9.915390e-02  1.321429e+00  4.268420e-01  4.886718e-02  7.476421e+00  1.296602e+07  5.041716e+02  8.943085e-05  7.360900e+04  2.078600e+04  3.106200e+04  5.992500e+04  7.983100e+04  8.701900e+04  2.714601e-01  1.455455e+01  1.127762e+02  4.253406e+01
1.807680e-02  2.999176e-02  9.568510e-02  1.321429e+00  4.268420e-01  4.886718e-02  7.476421e+00  5.920365e+06  4.802367e+02  1.347051e-04  5.810500e+04  3.045100e+04  6.214600e+04  4.863200e+04  7.436600e+04  5.365300e+04  3.035503e-01  1.763623e+01  1.169790e+02  4.497292e+01
2.126730e-02  2.987052e-02  5.208984e-02  1.321429e+00  4.268420e-01  4.886718e-02  7.476421e+00  1.324243e+07  1.433977e+01  1.495793e-04  2.620000e+02  2.957700e+04  9.672900e+04  6.496200e+04  6.314900e+04  4.165000e+03  NaN  NaN  NaN  NaN
2.357619e-02  4.075974e-03  9.805350e-02  1.321429e+00  4.268420e-01  4.886718e-02  7.476421e+00  5.001607e+06  8.274746e+02  9.628204e-05  8.123300e+04  3.574000e+04  4.900600e+04  1.340100e+04  5.593500e+04  5.158400e+04  4.205837e-01  2.413633e+01  7.860913e+01  3.438868e+01
2.607811e-03  4.512182e-04  9.254314e-02  1.321429e+00  4.268420e-01  4.886718e-02  7.476421e+00  1.491525e+07  6.886813e+02  1.257407e-04  3.215600e+04  2.496500e+04  2.260900e+04  6.436000e+03  8.036300e+04  4.599200e+04  3.608797e-01  1.857935e+01  3.292476e+01  1.728833e+01
9.967133e-03  2.997717e-02  9.876649e-02  1.321429e+00  4.268420e-01  4.886718e-02  7.476421e+00  5.523363e+06  1.864635e+02  8.108234e-05  6.136100e+04  1.997400e+04  2.253900e+04  1.024200e+04  5.214800e+04  1.710900e+04  3.469728e-01  2.012938e+01  1.238328e+02  4.810303e+01
2.104324e-02  2.998551e-02  8.905982e-02  1.321429e+00  4.268420e-01  4.886718e-02  7.476421e+00  1.460927e+07  6.957912e+02  1.398423e-04  8.686700e+04  4.433800e+04  7.497400e+04  9.271400e+04  4.727000e+04  4.295300e+04  2.775858e-01  1.569522e+01  1.157717e+02  4.391484e+01
2.552153e-02  1.091066e-02  8.166852e-02  1.321429e+00  4.268420e-01  4.886718e-02  7.476421e+00  5.176381e+06  5.529089e+02  7.921472e-05  7.994800e+04  2.858300e+04  3.904800e+04  3.989700e+04  8.705500e+04  9.450900e+04  2.932541e-01  1.677262e+01  9.102027e+01  3.602871e+01
1.393907e-02  2.998829e-02  5.576416e-02  1.321429e+00  4.268420e-01  4.886718e-02  7.476421e+00  5.552705e+06  6.253882e+02  1.174062e-04  9.738400e+04  4.645000e+04  6.804200e+04  9.249200e+04  3.316400e+04  4.786200e+04  2.892637e-01  1.538868e+01  1.065785e+02  4.075213e+01
2.511099e-03  2.995616e-02  5.544481e-02  1.321429e+00  4.268420e-01  4.886718e-02  7.476421e+00  6.635028e+06  6.006108e+02  7.099263e-05  4.198100e+04  1.548500e+04  1.852900e+04  2.628500e+04  9.502800e+04  3.250700e+04  2.828700e-01  1.488369e+01  1.064763e+02  4.054761e+01
2.997471e-02  2.996295e-02  8.075985e-02  1.321429e+00  4.268420e-01  4.886718e-02  7.476421e+00  1.094982e+07  5.788082e+02  1.018281e-04  2.539900e+04  2.061000e+04  3.581800e+04  3.330000e+04  9.626000e+04  1.092100e+04  NaN  NaN  NaN  NaN
2.408605e-05  4.693560e-03  5.074516e-02  1.321429e+00  4.268420e-01  4.886718e-02  7.476421e+00  1.473856e+07  5.783595e+02  7.389550e-05  4.248800e+04  3.039200e+04  4.291200e+04  2.477600e+04  5.583800e+04  6.849700e+04  2.847328e-01  1.486744e+01  6.327518e+01  2.614245e+01
3.225033e-05  2.401927e-02  5.494583e-02  1.321429e+00  4.268420e-01  4.886718e-02  7.476421e+00  7.011689e+06  4.493342e+02  1.349184e-04  7.667500e+04  4.141600e+04  2.781200e+04  5.710900e+04  1.082300e+04  5.945600e+04  3.148071e-01  1.840116e+01  1.508409e+02  5.651895e+01
2.180940e-02  1.982642e-04  8.979229e-02  1.321429e+00  4.268420e-01  4.886718e-02  7.476421e+00  7.532100e+06  9.872299e+02  1.018794e-04  1.169000e+04  4.635400e+04  4.972700e+04  5.648700e+04  9.413000e+03  8.721800e+04  1.423819e+00  1.429636e+02  6.538178e+01  6.992307e+01
2.095368e-02  2.576145e-02  5.595397e-02  1.321429e+00  4.268420e-01  4.886718e-02  7.476421e+00  5.575657e+06  1.353515e+01  1.252764e-04  6.059500e+04  4.829500e+04  7.230000e+02  4.093300e+04  1.598900e+04  6.021100e+04  3.204432e-01  1.693792e+01  1.028648e+02  4.004106e+01
2.996970e-02  2.991459e-02  9.978912e-02  1.321429e+00  4.268420e-01  4.886718e-02  7.476421e+00  8.025646e+06  8.547991e+02  1.292081e-04  6.181700e+04  2.205400e+04  8.142300e+04  9.984200e+04  3.529400e+04  2.557000e+04  3.075311e-01  1.701263e+01  1.156649e+02  4.432836e+01
4.806942e-03  2.209308e-05  6.221659e-02  1.321429e+00  4.268420e-01  4.886718e-02  7.476421e+00  5.983952e+06  6.904733e+02  1.227179e-04  4.443300e+04  1.707400e+04  6.446500e+04  3.896300e+04  2.516000e+04  4.485500e+04  1.447114e+00  1.321272e+02  1.118925e+01  4.825452e+01
2.433239e-02  5.973151e-03  5.207589e-02  1.321429e+00  4.268420e-01  4.886718e-02  7.476421e+00  5.804570e+06  9.630729e+02  6.406260e-05  9.913500e+04  1.200200e+04  2.191200e+04  3.440400e+04  6.250000e+04  6.421700e+04  3.639600e-01  1.965029e+01  6.882221e+01  2.961215e+01
1.654166e-02  4.701943e-03  5.019358e-02  1.321429e+00  4.268420e-01  4.886718e-02  7.476421e+00  5.551446e+06  5.911845e+02  1.033423e-04  3.332700e+04  4.064000e+03  9.692900e+04  4.298100e+04  8.081200e+04  2.965900e+04  3.400797e-01  1.990430e+01  6.687890e+01  2.904109e+01
1.334573e-03  1.236980e-04  5.016171e-02  1.321429e+00  4.268420e-01  4.886718e-02  7.476421e+00  1.224091e+07  4.444567e+02  8.317183e-05  7.862000e+04  5.325300e+04  6.415100e+04  4.846700e+04  6.417200e+04  9.064800e+04  3.127399e-01  9.363526e+00  9.791390e+00  6.489219e+00
1.679419e-02  2.370018e-02  7.630200e-02  1.321429e+00  4.268420e-01  4.886718e-02  7.476421e+00  7.785170e+06  8.698937e+02  1.455623e-04  6.107800e+04  2.357100e+04  4.151600e+04  5.280000e+02  8.577500e+04  1.209000e+04  3.391018e-01  1.978777e+01  1.118464e+02  4.399110e+01
8.299276e-03  5.535360e-03  5.132684e-02  1.321429e+00  4.268420e-01  4.886718e-02  7.476421e+00  5.162978e+06  9.725541e+02  1.166451e-04  2.191500e+04  6.926800e+04  7.374000e+04  7.771300e+04  3.142000e+04  9.444200e+04  2.907758e-01  1.597891e+01  6.441027e+01  2.689332e+01
2.507143e-02  8.683815e-03  7.106541e-02  1.321429e+00  4.268420e-01  4.886718e-02  7.476421e+00  9.915841e+06  7.441536e+02  1.461924e-04  9.170000e+03  3.835000e+04  3.658700e+04  1.334900e+04  4.176100e+04  2.460000e+02  3.239170e-01  1.783702e+01  8.014765e+01  3.276953e+01
1.391668e-03  2.772567e-03  6.329746e-02  1.321429e+00  4.268420e-01  4.886718e-02  7.476421e+00  1.242368e+07  3.729105e+02  1.434679e-04  6.277500e+04  4.804100e+04  3.019400e+04  5.403500e+04  9.763400e+04  8.086600e+04  NaN  NaN  NaN  NaN
9.838864e-04  7.979347e-05  9.539910e-02  1.321429e+00  4.268420e-01  4.886718e-02  7.476421e+00  5.489852e+06  2.864330e+02  1.489010e-04  1.925200e+04  3.060400e+04  2.356900e+04  2.113900e+04  8.137000e+04  4.017100e+04  3.195462e-01  1.133206e+01  1.196547e+01  7.872360e+00
2.597096e-02  9.547482e-03  6.201861e-02  1.321429e+00  4.268420e-01  4.886718e-02  7.476421e+00  1.036651e+07  7.491863e+01  1.436296e-04  8.920900e+04  3.552500e+04  1.237200e+04  4.644900e+04  5.284300e+04  5.895700e+04  3.135623e-01  1.809288e+01  8.110123e+01  3.316922e+01
3.676036e-05  9.820969e-05  6.509329e-02  1.321429e+00  4.268420e-01  4.886718e-02  7.476421e+00  1.464736e+07  6.237986e+02  1.395454e-04  8.820900e+04  3.547400e+04  9.082000e+04  7.346600e+04  3.531700e+04  5.366300e+04  1.058517e-01  9.494922e-01  8.219767e-01  6.257736e-01
6.544833e-03  2.998051e-02  6.706739e-02  1.321429e+00  4.268420e-01  4.886718e-02  7.476421e+00  6.918718e+06  2.464442e+01  9.540203e-05  9.242600e+04  1.147500e+04  7.139800e+04  6.463500e+04  4.310700e+04  1.407100e+04  2.899809e-01  1.528407e+01  1.066500e+02  4.074134e+01
1.342588e-03  2.391173e-03  8.898201e-02  1.321429e+00  4.268420e-01  4.886718e-02  7.476421e+00  1.492617e+07  6.850046e+02  1.300160e-04  1.875800e+04  4.181100e+04  5.665800e+04  2.307000e+04  6.315100e+04  8.253800e+04  3.166550e-01  1.595288e+01  5.876062e+01  2.501005e+01
1.115321e-03  1.966958e-04  5.327498e-02  1.321429e+00  4.268420e-01  4.886718e-02  7.476421e+00  1.034341e+07  7.990010e+02  6.572614e-05  9.550000e+04  4.988000e+04  1.771700e+04  1.637400e+04  6.409600e+04  9.383500e+04  3.262020e-01  1.508594e+01  1.710569e+01  1.083928e+01
2.211901e-06  4.193966e-04  5.201222e-02  1.321429e+00  4.268420e-01  4.886718e-02  7.476421e+00  1.150164e+07  8.608916e+02  1.398272e-04  9.671900e+04  5.672600e+04  1.315400e+04  1.516700e+04  3.541000e+04  5.252700e+04  2.693606e-01  1.358472e+01  2.261989e+01  1.215799e+01
6.260276e-04  3.721493e-05  5.289241e-02  1.321429e+00  4.268420e-01  4.886718e-02  7.476421e+00  9.963733e+06  3.745287e+02  6.398688e-05  4.525800e+04  8.111800e+04  2.123100e+04  2.845400e+04  6.937700e+04  8.267400e+04  2.646434e-01  1.357387e+00  5.204238e-01  7.141514e-01
2.832992e-02  2.992880e-02  5.305349e-02  1.321429e+00  4.268420e-01  4.886718e-02  7.476421e+00  8.808720e+06  3.126571e+02  1.386867e-04  6.305700e+04  2.803700e+04  3.046300e+04  6.939000e+03  2.237400e+04  6.984400e+04  2.988096e-01  1.629196e+01  1.031299e+02  3.990689e+01
3.535911e-06  8.291357e-05  6.774814e-02  1.321429e+00  4.268420e-01  4.886718e-02  7.476421e+00  9.199572e+06  6.201368e+02  1.023016e-04  7.969000e+04  4.144000e+03  3.638000e+04  3.044800e+04  3.400900e+04  7.966000e+04  1.030533e-01  9.919201e-01  8.584537e-01  6.511423e-01
1.709343e-02  5.601623e-05  5.213728e-02  1.321429e+00  4.268420e-01  4.886718e-02  7.476421e+00  5.880034e+06  4.131283e+02  1.182522e-04  1.603900e+04  1.666000e+03  6.523000e+04  2.930800e+04  7.389500e+04  6.753800e+04  1.569479e+00  9.332067e+01  1.815855e+01  3.768290e+01
3.610048e-04  5.762519e-05  5.315205e-02  1.321429e+00  4.268420e-01  4.886718e-02  7.476421e+00  7.093398e+06  8.465990e+02  8.355399e-05  9.996400e+04  7.563100e+04  9.593300e+04  6.035400e+04  8.638300e+04  4.689200e+04  1.932362e-01  1.314940e-01  6.856506e-01  3.367936e-01
2.266040e-02  1.860578e-03  5.036401e-02  1.321429e+00  4.268420e-01  4.886718e-02  7.476421e+00  9.549783e+06  6.123047e+02  1.070091e-04  7.345800e+04  5.744200e+04  6.374000e+03  8.333000e+03  6.537900e+04  3.086500e+04  NaN  NaN  NaN  NaN
5.398995e-04  7.084926e-05  8.848428e-02  1.321429e+00  4.268420e-01  4.886718e-02  7.476421e+00  1.068342e+07  8.843680e+02  8.503772e-05  8.582600e+04  9.640200e+04  5.569000e+03  9.770600e+04  1.709500e+04  3.703500e+04  NaN  NaN  NaN  NaN
3.597747e-04  3.956575e-05  5.120840e-02  1.321429e+00  4.268420e-01  4.886718e-02  7.476421e+00  6.330205e+06  3.672100e+02  6.422394e-05  5.098000e+04  9.834700e+04  2.577300e+04  3.586500e+04  2.353200e+04  3.711000e+03  NaN  NaN  NaN  NaN
