1.539406e-03  2.543586e-02  9.325205e-02  3.384391e+00  4.338638e-01  2.123535e-02  2.447939e+00  1.417829e+07  8.512300e+02  9.280434e-05  6.383500e+04  5.194700e+04  1.397900e+04  6.508800e+04  3.018400e+04  7.101100e+04  4.429100e+04  3.971900e+04  7.996000e+04  6.656000e+04  6.523100e+04  9.806900e+04  3.097087e+00  4.593589e+01  8.421571e+01  4.441623e+01
7.624847e-05  2.734200e-02  7.296257e-02  1.353560e+00  5.344939e-01  4.208132e-02  2.415189e+00  6.307531e+06  6.160658e+02  8.822289e-05  3.241200e+04  7.850000e+02  9.383100e+04  9.400800e+04  3.231400e+04  3.569500e+04  1.897100e+04  3.684600e+04  5.249700e+04  8.898600e+04  7.909000e+04  2.693600e+04  1.081716e+00  1.223986e+01  2.186464e+01  1.172874e+01
2.572670e-02  2.724587e-03  7.563141e-02  4.326141e+00  7.224820e-01  3.102688e-02  3.498665e+00  1.386362e+07  8.589224e+02  1.223371e-04  1.348600e+04  6.743900e+04  9.301400e+04  5.331700e+04  1.149700e+04  6.539700e+04  2.620700e+04  9.624600e+04  8.972300e+04  3.187400e+04  3.414200e+04  6.595600e+04  1.858495e+00  2.517564e+01  2.759514e+01  1.820976e+01
1.165000e-02  1.562620e-02  6.051857e-02  2.854077e+00  2.627455e-01  4.157587e-02  2.044728e+00  1.057218e+07  1.620642e+01  1.076041e-04  9.730100e+04  7.104400e+04  3.614100e+04  2.934100e+04  1.558400e+04  3.421100e+04  6.070600e+04  5.348900e+04  4.118000e+04  1.020000e+04  1.454200e+04  6.426500e+04  3.528037e+00  5.714604e+01  2.614690e+01  2.894033e+01
2.378241e-02  2.110110e-02  6.124205e-02  1.250371e+00  6.792881e-01  3.800133e-02  7.377877e+00  7.673975e+06  5.326767e+02  1.355327e-04  8.728100e+04  2.005100e+04  9.986900e+04  8.445900e+04  9.079100e+04  9.819000e+03  7.662400e+04  9.653600e+04  9.843300e+04  9.601400e+04  1.855700e+04  9.495300e+04  NaN  NaN  NaN  NaN
1.478968e-02  2.630197e-02  6.060622e-02  1.213835e+00  8.886393e-01  4.784697e-02  3.729353e+00  1.482677e+07  4.449812e+02  1.277864e-04  4.784300e+04  8.486300e+04  6.759600e+04  8.795800e+04  9.114100e+04  8.411500e+04  3.167400e+04  2.194300e+04  9.334300e+04  6.938900e+04  7.303000e+04  8.608200e+04  NaN  NaN  NaN  NaN
2.544524e-02  2.568915e-02  9.531623e-02  1.932101e+00  7.880006e-01  4.967011e-02  4.616685e+00  1.345150e+07  4.284650e+02  1.362160e-04  2.056000e+03  9.750000e+02  4.432300e+04  6.220000e+04  9.799900e+04  4.841500e+04  3.782000e+03  1.526600e+04  1.986000e+03  7.638500e+04  2.389100e+04  7.246900e+04  NaN  NaN  NaN  NaN
2.200691e-03  2.567363e-02  7.776994e-02  3.253419e+00  7.105278e-01  4.333231e-02  2.140026e+00  1.004469e+07  2.053764e+02  1.360289e-04  5.927200e+04  5.706800e+04  4.100000e+04  5.992600e+04  4.760400e+04  8.267200e+04  3.874900e+04  7.266000e+04  8.998400e+04  9.435400e+04  2.204600e+04  8.954700e+04  1.553346e+00  1.820618e+01  2.452692e+01  1.476215e+01
2.275212e-02  2.171619e-03  7.038753e-02  2.451833e+00  2.507323e-01  1.552317e-02  6.347566e+00  9.683222e+06  4.248979e+02  1.461176e-04  4.784100e+04  2.994000e+04  9.600900e+04  9.145300e+04  8.676100e+04  1.388500e+04  2.842500e+04  4.686600e+04  8.276000e+03  1.702200e+04  5.139800e+04  2.809200e+04  3.177382e+00  5.013585e+01  1.509078e+02  6.807367e+01
2.671012e-02  1.946404e-02  9.566775e-02  3.232406e+00  4.102999e-01  4.710576e-02  9.456913e+00  1.161667e+07  2.318720e+02  1.328574e-04  4.316500e+04  8.672500e+04  2.873000e+04  1.776600e+04  4.932200e+04  8.809700e+04  3.993500e+04  3.137700e+04  3.073300e+04  6.538200e+04  3.739700e+04  2.539400e+04  1.334333e+00  1.990260e+01  1.776010e+02  6.627930e+01
1.555723e-02  1.519269e-02  6.541843e-02  2.709141e+00  9.854985e-01  4.937510e-02  7.272041e+00  1.133473e+07  2.042233e+02  1.496814e-04  3.592800e+04  5.984200e+04  4.618900e+04  3.692300e+04  7.850400e+04  6.413600e+04  3.278800e+04  3.124000e+04  6.071600e+04  2.231600e+04  1.642400e+04  8.485600e+04  1.133332e-01  1.015778e+01  5.908049e+01  2.311720e+01
2.149326e-02  2.529522e-02  5.570316e-02  1.574051e+00  7.108159e-01  8.995427e-03  8.497111e+00  1.022996e+07  7.367677e+02  1.324110e-04  2.327800e+04  9.275300e+04  7.185200e+04  6.458000e+04  1.446200e+04  7.644400e+04  2.470800e+04  3.523200e+04  2.295000e+04  4.470100e+04  5.984700e+04  9.761800e+04  1.088406e+00  1.529391e+01  1.939327e+02  7.010502e+01
2.882476e-02  5.704504e-03  5.935048e-02  4.648419e+00  2.515768e-01  2.438927e-02  2.865827e+00  1.436846e+07  1.870506e+02  1.366982e-04  5.963800e+04  8.854500e+04  8.471700e+04  8.467300e+04  7.553800e+04  6.472200e+04  5.162800e+04  4.726400e+04  9.843100e+04  4.295900e+04  1.125300e+04  5.493900e+04  4.144319e+00  7.453609e+01  7.995261e+01  5.287767e+01
2.007561e-02  4.727081e-03  8.052965e-02  1.613054e+00  3.939362e-01  1.202297e-02  6.563876e+00  1.377135e+07  7.314727e+02  1.284809e-04  7.505700e+04  8.740000e+02  5.712200e+04  4.986000e+04  2.656300e+04  4.141200e+04  1.687400e+04  1.708000e+04  8.205300e+04  7.528200e+04  6.330900e+04  8.810200e+04  NaN  NaN  NaN  NaN
2.628748e-02  9.847063e-04  9.737700e-02  2.496988e+00  2.860683e-01  3.477850e-02  8.185946e+00  1.390038e+07  4.508330e+02  1.462765e-04  7.307400e+04  1.504000e+04  1.216800e+04  9.459800e+04  3.693500e+04  3.236100e+04  9.710900e+04  6.937700e+04  7.285100e+04  1.363600e+04  6.309100e+04  4.941000e+04  2.222492e+00  3.770654e+01  6.149774e+01  3.380893e+01
2.697661e-02  2.767083e-02  5.691400e-02  1.904728e+00  8.399740e-01  1.221356e-02  4.829862e+00  5.368735e+06  7.553195e+02  1.164392e-04  7.620000e+04  3.300800e+04  8.738400e+04  4.917400e+04  6.435300e+04  5.950800e+04  8.460000e+03  1.876100e+04  1.700100e+04  3.007100e+04  8.125200e+04  8.027400e+04  1.084640e+00  1.250277e+01  1.013849e+02  3.832410e+01
1.062883e-02  1.186560e-02  9.202526e-02  1.088393e+00  7.058523e-01  3.615182e-02  6.095808e+00  1.302759e+07  4.190235e+02  1.090726e-04  1.661100e+04  9.682700e+04  3.347100e+04  6.418000e+03  2.120100e+04  1.990100e+04  7.022500e+04  9.530300e+04  5.200700e+04  3.814000e+04  3.593400e+04  5.298400e+04  NaN  NaN  NaN  NaN
2.635159e-02  1.147198e-02  5.623955e-02  1.974764e+00  6.968072e-01  2.443877e-03  1.882664e+00  6.748139e+06  2.026397e+02  7.154532e-05  2.873500e+04  9.899500e+04  1.468400e+04  7.526000e+03  1.900000e+04  9.235700e+04  1.987000e+03  9.967300e+04  2.031000e+03  3.689800e+04  7.397300e+04  2.437100e+04  3.441308e+00  4.848554e+01  2.777781e+02  1.099016e+02
1.507463e-02  2.869613e-02  7.870004e-02  4.183242e+00  6.443141e-01  1.103482e-02  9.113694e+00  1.227726e+07  8.109644e+02  9.024294e-05  8.779600e+04  6.506700e+04  2.207200e+04  6.234800e+04  3.760800e+04  8.992000e+03  3.470000e+02  3.619300e+04  7.487200e+04  9.580000e+02  1.747700e+04  7.349100e+04  1.943052e+00  2.436861e+01  3.023944e+02  1.095687e+02
9.730479e-03  5.370805e-03  9.826357e-02  3.988907e+00  9.121190e-01  3.638754e-02  5.735503e+00  5.148368e+06  7.507406e+02  7.021869e-05  7.122500e+04  5.486200e+04  9.691900e+04  6.112900e+04  6.341000e+04  9.087200e+04  9.334400e+04  9.229700e+04  4.597500e+04  2.229500e+04  4.260000e+02  6.155700e+04  6.946560e-01  8.985811e+00  2.239821e+01  1.069289e+01
4.922987e-03  4.485878e-03  5.984350e-02  3.023978e+00  4.796188e-01  4.224156e-03  9.826090e+00  8.143052e+06  5.406021e+02  1.203086e-04  7.443300e+04  4.746000e+04  3.114000e+04  6.903000e+04  5.604700e+04  8.749800e+04  1.518000e+04  1.626700e+04  4.013600e+04  6.223900e+04  8.957800e+04  5.449300e+04  2.690132e+00  3.510228e+01  3.813442e+02  1.397122e+02
7.563568e-03  2.002597e-03  7.971566e-02  1.911302e+00  3.648010e-01  2.927059e-02  4.612123e+00  1.206632e+07  4.864219e+02  1.352064e-04  8.841500e+04  4.009500e+04  8.604100e+04  1.019900e+04  7.035100e+04  7.027900e+04  5.145300e+04  9.408200e+04  7.923600e+04  4.414100e+04  3.496300e+04  8.647900e+04  1.913189e+00  2.530488e+01  4.339335e+01  2.353714e+01
6.005593e-03  2.082082e-02  7.762808e-02  2.839431e+00  8.336487e-01  6.571726e-03  7.487527e+00  9.137301e+06  6.134574e+02  1.277144e-04  1.292200e+04  8.172300e+04  8.601800e+04  6.499200e+04  6.486400e+04  3.213700e+04  2.112100e+04  9.728600e+04  7.751200e+04  1.119300e+04  8.711100e+04  3.892200e+04  NaN  NaN  NaN  NaN
4.217863e-03  1.499513e-02  9.129097e-02  4.920599e+00  5.831810e-01  2.454763e-02  2.190393e+00  7.088700e+06  5.279979e+02  1.088321e-04  1.267800e+04  5.989600e+04  7.409100e+04  5.068600e+04  7.620200e+04  9.808500e+04  1.691400e+04  9.797400e+04  7.403800e+04  9.116700e+04  6.372100e+04  5.472400e+04  NaN  NaN  NaN  NaN
1.110673e-02  3.401685e-03  8.994188e-02  4.032441e+00  3.211990e-01  3.587529e-02  5.770500e+00  8.094101e+06  8.743793e+02  1.018040e-04  8.665600e+04  9.242100e+04  4.732000e+04  5.052400e+04  4.667100e+04  7.484200e+04  2.365900e+04  1.399800e+04  7.388500e+04  9.253500e+04  1.984700e+04  2.509300e+04  2.363455e+00  3.297834e+01  5.682488e+01  3.072223e+01
2.524597e-02  2.755986e-02  5.412821e-02  4.581963e+00  9.483013e-01  3.903372e-02  2.332511e+00  7.203946e+06  8.991508e+02  1.354379e-04  7.623100e+04  5.306400e+04  7.090000e+04  2.959000e+03  8.373900e+04  4.161500e+04  3.667000e+03  1.532600e+04  2.124000e+03  1.316100e+04  1.373800e+04  2.923800e+04  NaN  NaN  NaN  NaN
2.663143e-02  1.904737e-02  5.043690e-02  4.557987e+00  6.451317e-01  1.780329e-02  6.987396e+00  9.839869e+06  4.719849e+02  7.757869e-05  4.037200e+04  5.935200e+04  9.001000e+04  2.538100e+04  5.668500e+04  2.167000e+04  3.828000e+03  4.478800e+04  5.180000e+04  5.183200e+04  7.807300e+04  3.526600e+04  1.749397e+00  2.200696e+01  1.331774e+02  5.231126e+01
2.150263e-02  1.861712e-02  7.201009e-02  3.428616e+00  5.679417e-01  2.932841e-02  7.345761e+00  1.403219e+07  4.564399e+02  1.035172e-04  7.195500e+04  6.705400e+04  4.628700e+04  5.391600e+04  3.369300e+04  3.963400e+04  7.666000e+03  7.389600e+04  5.850600e+04  4.715800e+04  5.590800e+04  8.557900e+04  1.288954e+00  1.645123e+01  8.608138e+01  3.460719e+01
6.589146e-04  6.616853e-03  7.201339e-02  3.837738e+00  3.990641e-01  4.431601e-02  5.019375e+00  1.076053e+07  5.129680e+02  9.091605e-05  9.900400e+04  7.051700e+04  4.251900e+04  8.674900e+04  8.969400e+04  6.453900e+04  7.395000e+03  7.697000e+04  4.916500e+04  7.206000e+04  7.507000e+04  4.889600e+04  1.886317e+00  2.335886e+01  4.001127e+01  2.175215e+01
2.574842e-02  2.471922e-02  9.820217e-02  3.050225e+00  8.787078e-01  1.323010e-02  6.237302e+00  1.228448e+07  5.263229e+02  8.238708e-05  1.876600e+04  4.231500e+04  3.196200e+04  3.946000e+03  7.552100e+04  9.130400e+04  1.850600e+04  5.604000e+03  8.123300e+04  3.574000e+04  4.900600e+04  1.340100e+04  NaN  NaN  NaN  NaN
1.407149e-02  1.504489e-02  6.907306e-02  4.733463e+00  8.203260e-01  3.100700e-02  2.822758e+00  6.343582e+06  2.635547e+02  1.241105e-04  4.786000e+03  4.557600e+04  3.591700e+04  9.256500e+04  8.997200e+04  1.510500e+04  5.165700e+04  6.522200e+04  7.317000e+04  6.055900e+04  5.319000e+04  4.264800e+04  1.729283e+00  2.199318e+01  6.532330e+01  2.968192e+01
1.478300e-02  1.303493e-02  8.872046e-02  4.937777e+00  4.932062e-01  4.022393e-02  5.358618e+00  1.216608e+07  1.342199e+02  5.159459e-05  8.875700e+04  9.783200e+04  7.914500e+04  4.001100e+04  2.058200e+04  7.143400e+04  9.027600e+04  1.462600e+04  5.422100e+04  4.155100e+04  1.640600e+04  9.603500e+04  1.767530e+00  2.285329e+01  8.227278e+01  3.563120e+01
1.782745e-02  2.298454e-02  9.833611e-02  4.159807e+00  6.088089e-01  1.528443e-02  5.828518e+00  7.080848e+06  3.942566e+01  1.185701e-04  2.832200e+04  1.071000e+04  8.686700e+04  4.433800e+04  7.497400e+04  9.271400e+04  4.727000e+04  4.295300e+04  3.964900e+04  1.183300e+04  2.539900e+04  2.061000e+04  2.018584e+00  2.542770e+01  1.753199e+02  6.758873e+01
5.199182e-03  8.440068e-03  5.636328e-02  4.021614e+00  8.447585e-01  3.383338e-02  8.022356e+00  5.812825e+06  3.615546e+02  1.260382e-04  3.145000e+04  8.558500e+04  2.309800e+04  9.444100e+04  9.842000e+03  8.534800e+04  2.390000e+02  8.645000e+04  9.658200e+04  9.120800e+04  4.973400e+04  4.071100e+04  5.979608e-01  8.107947e+00  3.104148e+01  1.324913e+01
1.262881e-02  2.752275e-02  5.341342e-02  2.836710e+00  6.581581e-01  4.347042e-02  3.370680e+00  9.402818e+06  9.067893e+02  1.271586e-04  5.269500e+04  7.635500e+04  2.491400e+04  5.952600e+04  5.602500e+04  9.532000e+04  6.949000e+03  4.565600e+04  8.667200e+04  5.908300e+04  6.081200e+04  9.731700e+04  1.101475e+00  1.260776e+01  2.828148e+01  1.399690e+01
7.064299e-03  9.810760e-03  9.231655e-02  3.071037e+00  9.653123e-01  3.834810e-02  5.757364e+00  8.568769e+06  5.927482e+02  1.185460e-04  5.686200e+04  2.789700e+04  1.717200e+04  9.490300e+04  8.327900e+04  2.785500e+04  9.715900e+04  6.915700e+04  2.025000e+04  3.238000e+04  7.292400e+04  4.527000e+04  3.861589e-01  7.802024e+00  2.598504e+01  1.139108e+01
7.788024e-03  2.646430e-02  7.113405e-02  1.585212e+00  3.230547e-01  4.703573e-02  6.038129e+00  1.378956e+07  2.354964e+02  1.093756e-04  9.626000e+04  1.092100e+04  8.244000e+04  2.741200e+04  6.059500e+04  4.829500e+04  7.230000e+02  4.093300e+04  1.598900e+04  6.021100e+04  1.498700e+04  2.875900e+04  1.238195e+00  1.410754e+01  4.411390e+01  1.981988e+01
1.597407e-02  1.259960e-02  5.472734e-02  4.417884e+00  3.687588e-01  6.410027e-03  5.115325e+00  1.221335e+07  1.321846e+02  5.187586e-05  3.888100e+04  1.827900e+04  3.215600e+04  2.496500e+04  2.260900e+04  6.436000e+03  8.036300e+04  4.599200e+04  4.464000e+04  4.081400e+04  9.738400e+04  4.645000e+04  NaN  NaN  NaN  NaN
1.329951e-02  2.883096e-02  5.989513e-02  4.105189e+00  3.419441e-01  4.260329e-02  2.514226e+00  1.310266e+07  7.866958e+02  1.214956e-04  3.496200e+04  9.563900e+04  1.104200e+04  7.753800e+04  7.591000e+03  9.253000e+04  6.207700e+04  4.939000e+04  4.385600e+04  1.066100e+04  4.156400e+04  9.603600e+04  3.044457e+00  4.582529e+01  4.028491e+01  2.971822e+01
1.480608e-03  1.466286e-02  6.285834e-02  2.441446e+00  5.934301e-01  2.012280e-02  6.984626e+00  8.283667e+06  2.240299e+02  1.328649e-04  3.316400e+04  4.786200e+04  9.013900e+04  6.560700e+04  7.667500e+04  4.141600e+04  2.781200e+04  5.710900e+04  1.082300e+04  5.945600e+04  1.511500e+04  9.340200e+04  NaN  NaN  NaN  NaN
9.701686e-03  2.381843e-02  5.572645e-02  1.075364e+00  8.903940e-01  3.057310e-02  6.937599e+00  8.921240e+06  7.016768e+02  8.469767e-05  8.842400e+04  3.955500e+04  7.360900e+04  2.078600e+04  3.106200e+04  5.992500e+04  7.983100e+04  8.701900e+04  2.342000e+03  6.997200e+04  6.136100e+04  1.997400e+04  NaN  NaN  NaN  NaN
1.091018e-02  1.863891e-02  6.489382e-02  3.980101e+00  6.111885e-01  2.097862e-02  2.171698e+00  1.042536e+07  2.190105e+02  9.363312e-05  5.214800e+04  1.710900e+04  9.565200e+04  5.613300e+04  4.198100e+04  1.548500e+04  1.852900e+04  2.628500e+04  9.502800e+04  3.250700e+04  4.023800e+04  2.406800e+04  NaN  NaN  NaN  NaN
2.733021e-02  8.913889e-03  8.226909e-02  3.905852e+00  9.543768e-01  4.425450e-02  9.118885e+00  1.127765e+07  2.450284e+02  1.105960e-04  2.191200e+04  3.440400e+04  6.250000e+04  6.421700e+04  5.055400e+04  6.051400e+04  6.107800e+04  2.357100e+04  4.151600e+04  5.280000e+02  8.577500e+04  1.209000e+04  NaN  NaN  NaN  NaN
1.952745e-02  9.625672e-03  5.641749e-02  2.105881e+00  9.839234e-01  1.449428e-02  7.617525e+00  1.465776e+07  2.552395e+02  7.029998e-05  4.972700e+04  5.648700e+04  9.413000e+03  8.721800e+04  1.194300e+04  1.805000e+04  4.443300e+04  1.707400e+04  6.446500e+04  3.896300e+04  2.516000e+04  4.485500e+04  NaN  NaN  NaN  NaN
4.464276e-03  5.260918e-03  9.599886e-02  2.355904e+00  6.492973e-01  5.304749e-03  7.820138e+00  6.396450e+06  7.226210e+02  5.532656e-05  9.692900e+04  4.298100e+04  8.081200e+04  2.965900e+04  4.663500e+04  5.883200e+04  9.170000e+03  3.835000e+04  3.658700e+04  1.334900e+04  4.176100e+04  2.460000e+02  1.906008e+00  2.168149e+01  2.397335e+02  8.777368e+01
2.063675e-02  8.757970e-03  9.033965e-02  4.502009e+00  5.302000e-01  1.938546e-02  2.881941e+00  6.878863e+06  1.996294e+01  8.105133e-05  7.851800e+04  2.458700e+04  9.180000e+02  7.791200e+04  5.893000e+04  6.775900e+04  3.032300e+04  4.129700e+04  8.130900e+04  9.467500e+04  5.810500e+04  3.045100e+04  2.907567e+00  4.395412e+01  1.098734e+02  5.224503e+01
1.586030e-02  2.466269e-02  6.908156e-02  4.077792e+00  8.143370e-01  4.985299e-02  5.058974e+00  1.020969e+07  3.140150e+02  1.091562e-04  2.191500e+04  6.926800e+04  7.374000e+04  7.771300e+04  3.142000e+04  9.444200e+04  7.770500e+04  6.981400e+04  6.277500e+04  4.804100e+04  3.019400e+04  5.403500e+04  6.845676e-01  9.593889e+00  3.296497e+01  1.441447e+01
6.472985e-03  2.404266e-02  9.892479e-02  4.828645e+00  8.587081e-01  3.698241e-02  6.493294e+00  9.425817e+06  1.195404e+02  1.135149e-04  7.436600e+04  5.365300e+04  8.224600e+04  3.920800e+04  2.620000e+02  2.957700e+04  9.672900e+04  6.496200e+04  6.314900e+04  4.165000e+03  7.549300e+04  3.861100e+04  8.284753e-01  1.266989e+01  6.357752e+01  2.569196e+01
2.824590e-02  7.720250e-03  5.231759e-02  2.703815e+00  3.052337e-01  3.894766e-02  4.358334e+00  1.044011e+07  6.929687e+02  1.476594e-04  8.920900e+04  3.552500e+04  1.237200e+04  4.644900e+04  5.284300e+04  5.895700e+04  8.060200e+04  8.416200e+04  9.550000e+04  4.988000e+04  1.771700e+04  1.637400e+04  2.301937e+00  3.116569e+01  4.297110e+01  2.547958e+01
5.870127e-03  1.945730e-02  6.962121e-02  2.054916e+00  5.476200e-01  4.782172e-02  3.381701e+00  1.097347e+07  1.721556e+01  1.051713e-04  3.904800e+04  3.989700e+04  8.705500e+04  9.450900e+04  9.521000e+03  4.169700e+04  4.248800e+04  3.039200e+04  4.291200e+04  2.477600e+04  5.583800e+04  6.849700e+04  NaN  NaN  NaN  NaN
8.301426e-03  1.972929e-02  6.939816e-02  1.600318e+00  8.475415e-01  3.606976e-02  6.893726e+00  6.029998e+06  2.830789e+02  1.039339e-04  2.525000e+04  5.895000e+03  9.242600e+04  1.147500e+04  7.139800e+04  6.463500e+04  4.310700e+04  1.407100e+04  4.167000e+03  3.845700e+04  9.671900e+04  5.672600e+04  NaN  NaN  NaN  NaN
1.047923e-02  2.704589e-02  7.594074e-02  2.894716e+00  4.465250e-01  2.609671e-02  8.820100e+00  1.324962e+07  9.457583e+01  9.897129e-05  4.439900e+04  6.000400e+04  9.996400e+04  7.563100e+04  9.593300e+04  6.035400e+04  8.638300e+04  4.689200e+04  1.176000e+03  4.339000e+04  7.589000e+03  7.467200e+04  NaN  NaN  NaN  NaN
2.462982e-02  1.387904e-03  9.730348e-02  1.273470e+00  9.350193e-01  2.430580e-02  7.992200e+00  8.895672e+06  2.677067e+01  1.356315e-04  6.181700e+04  2.205400e+04  8.142300e+04  9.984200e+04  3.529400e+04  2.557000e+04  3.311000e+04  8.835800e+04  7.862000e+04  5.325300e+04  6.415100e+04  4.846700e+04  NaN  NaN  NaN  NaN
2.147420e-02  1.631801e-02  6.392416e-02  2.757133e+00  5.007732e-01  1.364097e-03  3.387144e+00  5.400935e+06  6.138722e+02  9.077690e-05  1.795000e+03  8.414000e+04  8.820900e+04  3.547400e+04  9.082000e+04  7.346600e+04  3.531700e+04  5.366300e+04  1.285000e+03  5.620000e+04  7.969000e+04  4.144000e+03  NaN  NaN  NaN  NaN
1.141473e-02  1.920300e-02  5.836228e-02  2.579860e+00  5.110429e-01  1.170955e-02  1.646250e+00  9.458785e+06  9.425244e+02  1.130941e-04  7.733700e+04  8.868500e+04  3.264200e+04  7.386200e+04  3.484200e+04  2.108900e+04  9.686300e+04  5.309100e+04  5.406000e+04  8.491000e+03  3.909400e+04  6.807800e+04  NaN  NaN  NaN  NaN
2.415662e-02  2.573730e-02  7.601676e-02  2.352122e+00  4.526612e-01  1.826390e-03  3.635398e+00  1.380039e+07  6.409504e+02  1.134159e-04  3.541000e+04  5.252700e+04  2.601900e+04  9.374500e+04  6.305700e+04  2.803700e+04  3.046300e+04  6.939000e+03  2.237400e+04  6.984400e+04  2.077700e+04  9.959800e+04  NaN  NaN  NaN  NaN
1.228023e-02  1.793412e-02  7.709640e-02  2.987578e+00  5.453887e-01  4.568205e-02  3.796619e+00  1.035887e+07  5.811797e+02  1.482847e-04  3.400900e+04  7.966000e+04  6.021100e+04  6.378000e+03  7.345800e+04  5.744200e+04  6.374000e+03  8.333000e+03  6.537900e+04  3.086500e+04  2.314400e+04  8.191300e+04  1.343073e+00  1.612816e+01  3.264663e+01  1.670596e+01
1.992916e-02  1.964416e-02  9.203788e-02  2.331370e+00  6.102268e-01  4.295851e-02  9.588153e+00  8.351840e+06  7.206524e+02  8.570145e-05  7.714000e+03  8.430600e+04  7.242000e+03  5.541000e+03  3.653900e+04  6.093000e+04  7.395500e+04  6.627100e+04  5.396000e+03  7.619200e+04  2.942600e+04  3.558000e+04  4.393101e-01  6.808330e+00  5.445618e+01  2.056794e+01
2.540796e-02  2.651282e-03  6.186731e-02  1.201336e+00  9.782694e-01  3.916650e-02  3.685949e+00  1.141374e+07  6.529164e+02  1.289834e-04  1.925200e+04  3.060400e+04  2.356900e+04  2.113900e+04  8.137000e+04  4.017100e+04  1.844000e+03  5.243700e+04  1.875800e+04  4.181100e+04  5.665800e+04  2.307000e+04  4.137847e-01  1.599404e+00  1.211451e+00  1.074880e+00
6.720373e-03  4.422918e-03  6.776624e-02  1.771952e+00  3.643793e-01  1.977432e-02  8.589097e+00  1.358761e+07  7.190165e+01  9.897672e-05  3.088000e+03  5.597600e+04  7.580000e+04  9.632900e+04  2.127500e+04  9.310100e+04  3.879600e+04  6.809900e+04  4.862100e+04  6.374300e+04  3.464200e+04  8.042600e+04  1.718212e+00  2.182541e+01  1.332024e+02  5.224866e+01
1.655983e-02  2.841666e-02  9.276807e-02  1.922154e+00  3.092348e-01  4.360661e-02  8.575725e+00  1.008839e+07  8.646626e+02  1.434102e-04  5.569000e+03  9.770600e+04  1.709500e+04  3.703500e+04  3.283400e+04  2.140000e+03  5.878200e+04  3.217900e+04  7.405700e+04  3.657400e+04  7.687800e+04  5.624400e+04  1.350665e+00  1.596215e+01  7.705304e+01  3.145529e+01
1.066292e-02  2.908697e-02  8.961103e-02  4.330551e+00  3.347826e-01  4.974743e-03  7.420918e+00  1.117087e+07  6.801110e+02  8.057150e-05  6.541000e+04  9.760000e+02  2.830100e+04  9.420000e+02  5.805600e+04  1.906200e+04  1.857400e+04  2.273500e+04  3.923800e+04  6.291300e+04  2.001800e+04  9.719400e+04  3.830114e+00  5.741795e+01  6.114603e+02  2.242361e+02
1.056269e-02  1.426687e-03  8.269776e-02  3.699744e+00  4.316492e-01  2.692613e-02  6.875259e+00  9.440440e+06  9.582582e+02  7.333264e-05  9.495800e+04  9.907600e+04  4.525800e+04  8.111800e+04  2.123100e+04  2.845400e+04  6.937700e+04  8.267400e+04  8.153600e+04  7.282100e+04  1.603900e+04  1.666000e+03  2.009357e+00  2.884539e+01  5.945684e+01  3.010386e+01
1.287880e-02  2.763984e-02  5.759743e-02  2.222638e+00  7.397639e-01  3.943902e-03  2.730752e+00  7.775932e+06  6.851357e+02  6.620768e-05  3.221100e+04  2.001000e+03  9.498000e+04  7.302700e+04  8.891800e+04  6.322700e+04  8.511100e+04  1.130000e+04  4.041500e+04  5.722000e+03  2.023500e+04  6.782200e+04  2.679412e+00  3.215920e+01  2.472960e+02  9.404488e+01
8.321199e-03  2.996390e-02  6.612559e-02  4.473761e+00  9.595116e-01  3.876996e-02  7.140236e+00  1.039786e+07  7.226990e+02  9.896193e-05  7.389500e+04  6.753800e+04  7.930000e+04  1.172300e+04  5.098000e+04  9.834700e+04  2.577300e+04  3.586500e+04  2.353200e+04  3.711000e+03  8.260600e+04  6.048800e+04  5.554319e-01  1.004981e+01  7.551711e+01  2.870745e+01
2.083969e-02  2.717955e-02  7.954402e-02  1.651773e+00  7.088441e-01  2.379136e-02  7.684320e+00  1.264638e+07  2.088274e+02  7.738148e-05  7.144500e+04  2.156000e+04  1.040600e+04  4.305000e+04  3.903100e+04  1.297500e+04  9.337900e+04  5.349000e+03  1.742900e+04  2.604400e+04  2.396400e+04  2.939200e+04  NaN  NaN  NaN  NaN
4.636132e-03  4.882923e-03  5.302050e-02  3.697522e+00  3.802557e-01  1.957257e-02  5.557868e+00  1.189681e+07  5.340782e+02  1.145023e-04  6.476700e+04  6.355100e+04  3.714200e+04  4.377200e+04  2.732200e+04  5.120100e+04  1.810000e+03  4.016200e+04  7.948300e+04  4.538500e+04  1.795200e+04  5.019400e+04  2.647372e+00  3.701879e+01  1.123998e+02  5.068865e+01
2.749364e-02  9.297868e-04  6.325609e-02  2.171989e+00  8.917426e-01  3.971790e-02  9.325898e+00  1.330002e+07  7.889549e+02  8.822014e-05  1.683000e+04  9.848800e+04  3.790300e+04  2.078500e+04  5.275900e+04  4.289900e+04  2.230900e+04  5.404300e+04  2.384300e+04  5.098000e+04  2.041400e+04  5.632700e+04  2.255747e-01  5.473636e+00  1.810531e+01  7.934838e+00
4.433172e-03  1.786623e-02  9.427176e-02  1.587232e+00  3.209438e-01  3.853667e-02  2.743974e+00  8.002595e+06  8.130419e+02  1.208836e-04  6.252000e+04  2.059800e+04  5.855600e+04  8.563500e+04  5.266600e+04  8.434600e+04  9.006700e+04  1.822000e+04  9.744100e+04  8.237600e+04  6.686500e+04  3.435500e+04  2.130437e+00  2.736918e+01  2.950634e+01  1.966865e+01
1.177328e-02  2.209145e-02  9.866912e-02  3.071728e+00  5.180583e-01  3.750626e-02  7.407204e+00  5.137210e+06  5.637999e+02  5.231178e-05  2.654000e+03  2.120900e+04  4.089000e+03  5.170000e+04  6.912700e+04  5.949800e+04  5.596700e+04  6.949700e+04  7.375700e+04  7.290400e+04  8.828800e+04  9.096200e+04  1.093876e+00  1.288007e+01  7.478008e+01  2.958468e+01
1.957146e-02  3.477683e-03  7.250421e-02  4.764153e+00  7.533312e-01  3.655073e-02  5.934533e+00  1.179613e+07  3.700339e+02  1.092117e-04  6.084800e+04  8.636000e+04  9.469600e+04  5.196400e+04  9.962300e+04  8.785800e+04  1.123200e+04  5.692100e+04  7.177000e+04  8.678500e+04  2.114400e+04  7.550300e+04  NaN  NaN  NaN  NaN
3.287892e-03  2.306657e-02  5.570538e-02  1.894032e+00  8.186521e-01  2.979365e-02  6.005349e+00  5.248493e+06  8.293057e+02  1.357592e-04  7.906500e+04  4.796000e+03  7.280700e+04  4.290900e+04  8.628200e+04  7.014600e+04  5.840100e+04  9.541100e+04  2.348400e+04  6.729000e+03  1.767900e+04  3.230600e+04  3.148846e-01  5.422914e+00  3.565741e+01  1.379840e+01
2.167549e-02  1.975586e-02  7.333988e-02  2.839179e+00  5.612887e-01  1.980061e-02  3.115934e+00  9.652905e+06  4.444371e+02  5.487787e-05  4.141000e+04  6.764500e+04  7.212000e+04  5.067500e+04  9.147200e+04  6.844100e+04  8.270000e+04  3.509300e+04  9.085300e+04  6.502800e+04  3.024800e+04  4.742700e+04  2.190668e+00  2.881771e+01  1.077429e+02  4.625042e+01
2.045789e-03  5.628033e-03  8.453291e-02  1.162570e+00  8.308866e-01  3.965897e-02  7.071091e+00  6.079143e+06  8.753593e+02  8.137530e-05  8.977200e+04  6.360500e+04  7.578800e+04  9.291100e+04  2.860200e+04  4.212500e+04  7.036700e+04  1.410400e+04  8.430700e+04  2.148200e+04  3.667100e+04  4.970100e+04  NaN  NaN  NaN  NaN
3.350013e-03  1.025164e-03  7.470888e-02  1.094117e+00  6.119993e-01  4.233488e-02  6.312084e+00  9.207474e+06  6.873608e+02  6.541895e-05  2.729300e+04  8.608300e+04  1.012100e+04  1.649200e+04  2.956100e+04  7.828000e+03  5.064000e+04  4.036200e+04  1.514000e+04  6.170100e+04  4.404900e+04  2.905800e+04  NaN  NaN  NaN  NaN
2.490478e-02  1.064035e-03  6.597174e-02  4.102883e+00  6.110407e-01  4.946856e-02  1.193176e+00  8.129380e+06  4.282909e+02  1.031263e-04  4.671900e+04  5.666100e+04  1.690800e+04  9.717800e+04  9.362600e+04  2.633000e+03  4.311300e+04  6.010500e+04  2.395400e+04  5.177000e+04  9.042400e+04  6.069100e+04  7.084829e+00  9.741988e+01  6.967305e+00  3.715734e+01
1.256075e-02  6.476623e-03  5.162351e-02  1.933653e+00  7.888058e-01  4.186886e-02  5.531307e+00  6.295358e+06  9.693302e+02  6.332415e-05  3.021000e+04  2.666200e+04  6.567300e+04  2.210600e+04  2.925500e+04  4.057600e+04  5.693500e+04  4.956000e+04  9.650400e+04  3.001900e+04  1.575700e+04  1.606000e+03  2.677085e-01  5.401689e+00  2.062566e+01  8.765018e+00
6.492859e-04  2.635653e-02  7.719586e-02  1.610259e+00  5.397163e-01  4.991979e-02  1.033915e+00  5.233569e+06  8.650729e+02  1.188847e-04  8.936200e+04  6.151700e+04  4.721000e+04  7.702900e+04  2.878800e+04  6.741000e+04  8.546100e+04  8.452300e+04  6.338100e+04  2.080400e+04  5.464000e+03  1.583000e+03  2.487375e+00  3.314515e+01  1.128959e+01  1.564071e+01
1.253503e-02  6.878450e-03  5.733107e-02  1.040925e+00  9.867693e-01  4.136432e-02  9.379594e+00  7.862999e+06  9.792387e+02  1.294841e-04  3.661900e+04  9.952000e+04  4.135900e+04  5.781200e+04  9.473500e+04  3.937500e+04  3.896300e+04  3.354000e+04  2.305300e+04  5.514000e+03  9.837100e+04  6.812400e+04  1.410348e-01  8.380002e+00  5.536533e+01  2.129546e+01
8.781281e-03  4.221717e-03  8.835712e-02  4.157929e+00  8.412616e-01  4.944580e-02  1.906188e+00  1.149081e+07  7.497928e+02  6.575908e-05  3.392800e+04  9.439000e+04  4.071400e+04  2.941300e+04  1.885700e+04  6.052600e+04  4.742900e+04  7.616100e+04  7.961800e+04  4.726100e+04  3.888100e+04  6.690400e+04  3.118529e+00  1.102228e+01  3.627648e+00  5.922820e+00
1.323755e-02  1.222458e-03  7.584498e-02  1.948716e+00  9.868882e-01  1.823130e-02  2.939512e+00  1.417353e+07  8.746181e+02  1.284071e-04  5.713000e+03  2.591600e+04  5.776800e+04  7.374400e+04  1.422600e+04  7.438400e+04  2.499600e+04  3.170900e+04  4.852100e+04  5.419700e+04  3.248700e+04  8.621600e+04  1.133087e+00  4.918553e+00  4.612471e+00  3.554704e+00
2.874883e-02  7.613976e-03  8.523065e-02  1.270812e+00  9.929313e-01  3.926212e-02  3.956903e+00  9.592218e+06  7.110185e+02  5.821602e-05  9.846400e+04  4.344500e+04  3.100400e+04  1.213200e+04  4.957300e+04  7.244700e+04  1.376400e+04  7.682600e+04  3.924500e+04  7.793500e+04  3.874200e+04  9.951100e+04  NaN  NaN  NaN  NaN
2.582549e-02  4.665262e-03  5.277741e-02  1.208780e+00  9.375826e-01  3.386212e-02  1.808265e+00  6.267597e+06  7.918830e+02  1.102108e-04  9.981700e+04  2.303900e+04  2.086800e+04  4.972400e+04  2.116800e+04  9.633000e+04  3.750500e+04  9.171000e+04  1.318500e+04  7.421500e+04  3.194000e+04  9.258800e+04  1.465007e+00  5.410305e+00  2.995295e+00  3.290202e+00
1.021731e-03  8.811125e-03  9.423670e-02  1.327767e+00  9.958986e-01  1.519289e-02  2.108507e+00  1.385438e+07  5.799268e+02  1.428003e-04  7.021900e+04  8.545900e+04  3.702600e+04  9.698800e+04  4.885900e+04  7.785000e+04  9.942700e+04  9.461000e+03  5.159200e+04  1.659500e+04  9.102800e+04  5.072100e+04  1.100258e+00  1.858480e+01  6.533250e+01  2.833919e+01
2.591564e-02  3.394730e-04  5.385704e-02  1.838709e+00  7.640954e-01  3.936989e-02  3.632904e+00  7.969709e+06  9.766781e+02  5.251914e-05  8.842400e+04  9.773800e+04  5.653200e+04  3.912500e+04  1.187700e+04  4.719700e+04  5.641700e+04  1.296800e+04  7.397000e+04  4.111700e+04  2.560700e+04  7.220000e+02  1.669825e+00  9.903590e+00  1.819644e+00  4.464353e+00
2.259100e-02  2.805846e-02  5.632321e-02  1.210902e+00  9.575088e-01  2.743431e-02  3.349549e+00  1.375861e+07  8.481396e+02  1.450850e-04  5.219800e+04  5.170100e+04  4.324800e+04  2.566800e+04  2.482200e+04  6.448300e+04  4.655700e+04  8.301800e+04  9.750100e+04  3.708700e+04  4.267800e+04  1.823700e+04  NaN  NaN  NaN  NaN
2.382755e-02  2.461880e-03  6.785152e-02  1.756564e+00  3.328640e-01  1.751344e-02  8.141694e+00  6.275752e+06  4.479457e+01  1.047970e-04  9.281500e+04  3.119000e+03  8.735100e+04  2.060700e+04  3.011900e+04  7.181100e+04  7.390700e+04  9.859200e+04  9.024500e+04  8.788600e+04  9.650000e+03  7.778300e+04  NaN  NaN  NaN  NaN
3.278900e-03  9.851021e-04  9.883495e-02  2.797089e+00  7.646778e-01  3.443905e-02  1.373415e+00  7.501861e+06  9.893301e+02  1.303981e-04  9.383000e+04  4.320900e+04  8.951200e+04  3.987900e+04  8.149200e+04  4.025000e+03  3.390000e+04  4.921100e+04  3.947200e+04  9.079800e+04  8.836700e+04  7.394200e+04  4.823574e+00  8.023101e+00  3.316335e-01  4.392769e+00
9.225257e-04  3.714600e-03  6.745195e-02  2.491860e+00  9.862507e-01  2.602793e-02  6.782575e+00  7.162321e+06  7.765040e+02  1.369929e-04  5.570000e+04  4.353300e+04  5.540900e+04  4.660300e+04  6.423400e+04  6.731000e+03  8.165500e+04  4.434900e+04  8.538500e+04  4.429400e+04  2.636000e+04  9.571700e+04  NaN  NaN  NaN  NaN
2.797766e-02  2.929976e-03  7.042766e-02  1.899376e+00  9.319067e-01  3.692761e-02  2.372807e+00  9.861629e+06  9.764791e+02  1.363422e-04  9.919200e+04  7.716700e+04  1.677200e+04  7.786700e+04  4.047400e+04  8.108700e+04  2.082000e+03  1.667300e+04  3.110300e+04  3.103400e+04  8.439100e+04  4.693900e+04  1.495813e+00  6.231347e+00  3.486026e+00  3.737729e+00
6.360006e-03  3.934507e-05  9.345206e-02  3.727147e+00  4.676071e-01  2.615240e-02  7.143064e+00  9.943243e+06  9.074783e+02  8.410372e-05  5.778800e+04  2.423300e+04  6.381500e+04  1.047200e+04  9.260000e+04  4.762600e+04  2.244700e+04  9.081000e+03  8.197200e+04  8.279900e+04  7.918900e+04  7.082900e+04  2.590995e+00  5.963306e+01  2.060003e+01  2.760803e+01
1.270463e-02  2.838662e-02  9.453579e-02  1.896982e+00  3.074625e-01  4.533455e-02  8.434210e+00  9.229183e+06  8.654855e+02  1.396129e-04  9.971400e+04  3.864400e+04  1.595000e+04  5.370100e+04  2.622500e+04  6.241800e+04  5.040900e+04  2.170300e+04  7.627100e+04  9.009100e+04  2.464900e+04  5.223500e+04  1.302145e+00  1.521662e+01  7.102269e+01  2.918049e+01
2.265622e-02  2.719851e-03  7.353441e-02  1.235216e+00  9.541328e-01  3.801322e-02  3.139012e+00  1.010962e+07  6.555095e+02  1.275593e-04  6.646000e+04  1.311200e+04  6.454900e+04  7.013800e+04  1.228900e+04  3.364600e+04  6.234000e+04  9.759000e+04  4.830000e+02  2.768200e+04  6.644000e+03  2.341400e+04  6.557714e-01  2.973530e+00  2.753886e+00  2.127729e+00
1.053426e-02  4.481637e-03  5.526346e-02  1.333481e+00  9.665315e-01  1.524102e-02  1.987286e+00  1.355990e+07  5.746925e+02  1.459666e-04  2.318600e+04  9.472900e+04  4.769700e+04  8.464600e+04  3.262700e+04  1.949000e+04  8.748100e+04  4.826700e+04  5.378000e+04  4.837000e+03  4.119000e+03  2.665600e+04  1.231128e+00  1.177588e+01  3.271398e+01  1.524033e+01
2.573500e-02  6.825532e-04  9.144027e-02  1.396068e+00  9.725101e-01  2.010338e-02  1.781288e+00  9.889088e+06  7.910187e+02  1.169468e-04  3.239400e+04  3.365000e+04  8.401300e+04  9.123500e+04  6.996200e+04  1.470300e+04  5.619100e+04  3.536700e+04  2.732900e+04  7.025300e+04  1.837600e+04  3.071100e+04  2.148731e+00  1.257269e+01  2.844090e+00  5.855171e+00
2.943186e-02  2.308809e-03  7.338935e-02  3.326226e+00  9.895163e-01  1.749835e-02  2.477743e+00  9.930874e+06  4.815449e+02  1.236415e-04  2.712000e+03  8.179400e+04  3.076200e+04  4.419000e+04  3.082500e+04  9.177000e+04  2.755300e+04  5.962400e+04  8.815200e+04  3.788400e+04  7.213100e+04  8.681300e+04  1.938086e+00  2.125060e+01  3.182756e+01  1.833875e+01
1.052628e-02  3.087123e-03  7.681805e-02  3.717864e+00  4.735533e-01  2.999917e-02  6.900565e+00  1.013011e+07  9.014120e+02  8.363566e-05  2.693200e+04  1.357200e+04  6.014400e+04  5.492000e+03  6.721600e+04  5.145100e+04  6.861400e+04  6.986400e+04  6.347600e+04  5.853900e+04  7.240100e+04  2.421200e+04  1.685267e+00  2.149265e+01  6.582234e+01  2.966675e+01
1.000486e-02  2.053677e-02  5.621654e-02  4.191810e+00  6.411830e-01  1.439320e-02  6.122248e+00  6.549695e+06  5.184190e+01  1.225009e-04  7.502100e+04  8.507100e+04  6.572500e+04  2.445800e+04  8.242200e+04  7.992200e+04  5.082400e+04  5.282800e+04  1.006700e+04  7.558700e+04  9.178000e+03  6.958200e+04  NaN  NaN  NaN  NaN
2.214749e-02  1.027845e-02  7.246735e-02  3.862796e+00  3.968551e-01  3.562316e-02  6.331819e+00  1.001640e+07  8.520828e+02  9.463338e-05  9.275800e+04  8.092500e+04  5.636100e+04  5.700500e+04  6.032500e+04  9.543800e+04  7.143600e+04  7.362000e+04  7.888100e+04  6.416900e+04  9.613600e+04  4.193600e+04  1.932568e+00  2.552522e+01  7.148060e+01  3.297946e+01
2.652837e-02  5.034701e-03  8.913093e-02  1.668524e+00  9.505774e-01  2.222619e-02  7.942277e+00  8.874404e+06  8.074726e+02  1.266713e-04  2.531600e+04  2.029500e+04  3.531500e+04  8.387500e+04  5.270700e+04  9.043500e+04  3.586300e+04  7.730500e+04  1.561100e+04  5.155100e+04  5.854500e+04  5.916000e+04  4.713569e-01  1.474874e+01  5.758991e+01  2.427000e+01
2.808759e-03  4.243705e-04  9.397884e-02  3.137010e+00  7.703312e-01  4.153073e-02  2.691347e+00  8.225831e+06  7.027294e+02  7.839683e-05  4.830800e+04  7.849300e+04  3.287000e+03  6.244400e+04  2.192200e+04  3.906400e+04  3.349100e+04  1.974300e+04  8.525600e+04  9.294200e+04  1.183600e+04  3.606200e+04  NaN  NaN  NaN  NaN
5.971206e-03  3.748435e-04  9.498876e-02  2.151792e+00  9.863394e-01  2.852558e-02  2.306838e+00  1.084269e+07  8.195882e+02  7.271086e-05  4.000000e+00  5.407000e+03  5.568500e+04  2.489400e+04  2.653400e+04  2.494900e+04  4.562100e+04  9.465000e+03  4.875500e+04  9.627300e+04  8.763000e+04  3.203000e+03  NaN  NaN  NaN  NaN
2.230737e-02  5.488501e-03  7.228361e-02  3.823263e+00  4.763014e-01  3.319100e-02  6.050288e+00  1.055778e+07  8.038765e+02  1.009828e-04  1.092600e+04  1.228900e+04  6.902500e+04  2.649800e+04  9.910200e+04  3.578900e+04  3.632300e+04  8.620300e+04  3.740800e+04  1.682000e+03  1.519200e+04  8.731000e+03  NaN  NaN  NaN  NaN
