2.377266e-02  1.456611e-03  8.599642e-02  1.833202e+00  9.615639e-01  9.795609e-03  6.935693e+00  6.246978e+06  5.760107e+02  7.590835e-05  1.348600e+04  6.743900e+04  9.301400e+04  5.331700e+04  1.149700e+04  6.539700e+04  6.834470e-01  3.701039e+01  1.030489e+02  4.691426e+01
1.048696e-02  8.403161e-03  7.032638e-02  2.857107e+00  5.973638e-01  2.867086e-02  6.807566e+00  1.456281e+07  8.834575e+02  7.139800e-05  6.383500e+04  5.194700e+04  1.397900e+04  6.508800e+04  3.018400e+04  7.101100e+04  8.181261e-01  3.117938e+01  1.612319e+02  6.440982e+01
5.687163e-03  2.962096e-02  6.398313e-02  3.094510e+00  7.145424e-01  6.320351e-03  6.068474e+00  1.053181e+07  1.151307e+02  7.544520e-05  3.241200e+04  7.850000e+02  9.383100e+04  9.400800e+04  3.231400e+04  3.569500e+04  1.612976e+00  5.391248e+01  7.720883e+02  2.758712e+02
2.444134e-02  1.140353e-02  8.612124e-02  3.350077e+00  9.458860e-01  2.578867e-02  5.272756e+00  6.794337e+06  3.962345e+02  1.047649e-04  5.249700e+04  8.898600e+04  7.909000e+04  2.693600e+04  4.063900e+04  9.835600e+04  NaN  NaN  NaN  NaN
1.253086e-02  6.970985e-03  9.788347e-02  4.254834e+00  8.498112e-01  3.891906e-02  9.670362e+00  1.313071e+07  7.492800e+01  1.038776e-04  8.972300e+04  3.187400e+04  3.414200e+04  6.595600e+04  9.603600e+04  2.081200e+04  3.472464e-01  2.611112e+01  2.773354e+02  1.012646e+02
1.657103e-02  1.244304e-02  9.946899e-02  1.330372e+00  5.991142e-01  4.946381e-02  6.080748e+00  1.006958e+07  1.742924e+02  8.125286e-05  7.996000e+04  6.656000e+04  6.523100e+04  9.806900e+04  9.821300e+04  3.510700e+04  6.124774e-02  1.805991e+01  7.817867e+01  3.209994e+01
1.524371e-02  1.097604e-02  8.336345e-02  2.868247e+00  2.566861e-01  3.853444e-02  1.581683e+00  1.177358e+07  4.633010e+02  8.975263e-05  4.118000e+04  1.020000e+04  1.454200e+04  6.426500e+04  3.249900e+04  8.229200e+04  3.521937e+00  1.806608e+02  6.679259e+01  8.365845e+01
1.559239e-02  1.947238e-02  9.013810e-02  2.283540e+00  5.315350e-01  3.399886e-02  9.154662e+00  5.190175e+06  5.760986e+02  1.051401e-04  4.100000e+04  5.992600e+04  4.760400e+04  8.267200e+04  3.874900e+04  7.266000e+04  5.003377e-01  2.149826e+01  2.163410e+02  7.944652e+01
9.005025e-03  2.305154e-02  9.084590e-02  4.351611e+00  8.435226e-01  5.151136e-03  4.788138e+00  1.060592e+07  3.971317e+02  7.850739e-05  9.986900e+04  8.445900e+04  9.079100e+04  9.819000e+03  7.662400e+04  9.653600e+04  NaN  NaN  NaN  NaN
1.692660e-02  2.441707e-02  8.955423e-02  2.721571e+00  7.684154e-01  1.400942e-02  2.750674e+00  6.047242e+06  5.828389e+02  1.400777e-04  6.759600e+04  8.795800e+04  9.114100e+04  8.411500e+04  3.167400e+04  2.194300e+04  1.545676e+00  5.428186e+01  2.564287e+02  1.040854e+02
2.639974e-02  4.519590e-04  9.415600e-02  4.364869e+00  8.952700e-01  8.947146e-03  7.486615e+00  1.341337e+07  5.403045e+02  1.351451e-04  4.432300e+04  6.220000e+04  9.799900e+04  4.841500e+04  3.782000e+03  1.526600e+04  1.687696e+00  8.432543e+01  1.100810e+02  6.536471e+01
9.533532e-03  1.926131e-02  9.002609e-02  2.373405e+00  9.557562e-01  3.937304e-02  4.807245e+00  6.432248e+06  6.636442e+02  6.944726e-05  2.204600e+04  8.954700e+04  6.222300e+04  4.530000e+04  2.327800e+04  9.275300e+04  2.793570e-02  1.132462e+01  5.740639e+01  2.291965e+01
3.669197e-03  6.450546e-03  5.266442e-02  2.678521e+00  9.976029e-01  8.954609e-03  8.020740e+00  6.164164e+06  5.489931e+02  1.408747e-04  1.855700e+04  9.495300e+04  2.638900e+04  1.577600e+04  4.784100e+04  2.994000e+04  6.782671e-01  2.771033e+01  2.556837e+02  9.469077e+01
1.494307e-02  1.776858e-02  7.058847e-02  4.637335e+00  5.878424e-01  2.802947e-02  5.135254e+00  9.366845e+06  7.190674e+02  1.197999e-04  7.303000e+04  8.608200e+04  2.904100e+04  2.788500e+04  3.592800e+04  5.984200e+04  1.354430e+00  4.938804e+01  2.210931e+02  9.061185e+01
2.764493e-02  1.212018e-02  5.317049e-02  4.734805e+00  4.481074e-01  1.352070e-03  5.529136e+00  1.158141e+07  2.947117e+02  8.578026e-05  2.389100e+04  7.246900e+04  3.819500e+04  1.527200e+04  4.316500e+04  8.672500e+04  3.321039e+00  1.372124e+02  1.826189e+03  6.555740e+02
2.047676e-02  2.748708e-02  6.256174e-02  1.825686e+00  7.384896e-01  6.329893e-03  8.331454e+00  9.471129e+06  2.208016e+01  1.145413e-04  1.446200e+04  7.644400e+04  2.470800e+04  3.523200e+04  2.295000e+04  4.470100e+04  9.585331e-01  3.727544e+01  6.940033e+02  2.440791e+02
1.708332e-02  2.564575e-02  9.978406e-02  4.684421e+00  5.296515e-01  2.892882e-02  2.899855e+00  7.496022e+06  1.867243e+02  1.138674e-04  8.676100e+04  1.388500e+04  2.842500e+04  4.686600e+04  8.276000e+03  1.702200e+04  2.002949e+00  7.853135e+01  1.864296e+02  8.898796e+01
1.522271e-03  1.937436e-02  9.885620e-02  4.603475e+00  8.343411e-01  5.978276e-03  9.971792e+00  6.211720e+06  4.850232e+02  1.433484e-04  7.850400e+04  6.413600e+04  3.278800e+04  3.124000e+04  6.071600e+04  2.231600e+04  1.389006e+00  4.212849e+01  9.030944e+02  3.155373e+02
2.158741e-02  4.746489e-03  7.410228e-02  1.564328e+00  9.932548e-01  5.107830e-03  1.989716e+00  5.284752e+06  2.921297e+02  7.766524e-05  4.932200e+04  8.809700e+04  3.993500e+04  3.137700e+04  3.073300e+04  6.538200e+04  1.574694e+00  5.621822e+01  2.136530e+02  9.048196e+01
1.552620e-02  2.633236e-02  7.099805e-02  2.489060e+00  2.784828e-01  4.518607e-03  7.733602e+00  1.326082e+07  2.924807e+02  7.501202e-05  6.733800e+04  2.778600e+04  2.873500e+04  9.899500e+04  1.468400e+04  7.526000e+03  2.999688e+00  1.199549e+02  1.669854e+03  5.976029e+02
7.471449e-03  7.956877e-03  9.667968e-02  3.458894e+00  5.965116e-01  1.348052e-03  4.397773e+00  1.423428e+07  7.715500e+02  1.049574e-04  8.356000e+03  6.431800e+04  5.963800e+04  8.854500e+04  8.471700e+04  8.467300e+04  2.740435e+00  9.945094e+01  1.221366e+03  4.411856e+02
2.273338e-02  7.991369e-03  9.016353e-02  1.002543e+00  8.088069e-01  6.476982e-04  6.310341e+00  1.174067e+07  6.692609e+02  7.474420e-05  1.987000e+03  9.967300e+04  2.031000e+03  3.689800e+04  7.397300e+04  2.437100e+04  NaN  NaN  NaN  NaN
1.583923e-02  2.557063e-02  6.746414e-02  1.240742e+00  6.639738e-01  4.631708e-02  6.550018e+00  1.022203e+07  6.146234e+02  1.011691e-04  6.814800e+04  8.328600e+04  7.620000e+04  3.300800e+04  8.738400e+04  4.917400e+04  1.336369e-01  1.289263e+01  7.132641e+01  2.811756e+01
1.938562e-02  1.985745e-02  5.908262e-02  2.388008e+00  7.159891e-01  1.919205e-03  8.445814e+00  5.738328e+06  9.064096e+02  1.140392e-04  6.667000e+03  1.895900e+04  7.307400e+04  1.504000e+04  1.216800e+04  9.459800e+04  1.548295e+00  4.920400e+01  1.114333e+03  3.883619e+02
2.397358e-03  1.937423e-02  9.142513e-02  3.851323e+00  3.125508e-01  3.606296e-02  1.758036e+00  1.089420e+07  1.203555e+02  6.295401e-05  5.162800e+04  4.726400e+04  9.843100e+04  4.295900e+04  1.125300e+04  5.493900e+04  3.293074e+00  1.587828e+02  2.324822e+02  1.315194e+02
1.863790e-03  1.276082e-02  7.872500e-02  4.660107e+00  4.930725e-01  3.028634e-02  4.532711e+00  1.358108e+07  3.086318e+02  8.772464e-05  8.841500e+04  4.009500e+04  8.604100e+04  1.019900e+04  7.035100e+04  7.027900e+04  1.672665e+00  6.213591e+01  1.875226e+02  8.377706e+01
3.848588e-03  2.503682e-02  8.261150e-02  1.198897e+00  6.178211e-01  3.428856e-02  9.283766e+00  5.758242e+06  9.081187e+02  1.468767e-04  9.710900e+04  6.937700e+04  7.285100e+04  1.363600e+04  6.309100e+04  4.941000e+04  NaN  NaN  NaN  NaN
9.633479e-03  4.544327e-03  8.770863e-02  3.922388e+00  7.214247e-01  3.682454e-03  8.910253e+00  1.472686e+07  1.849104e+02  9.560677e-05  8.460000e+03  1.876100e+04  1.700100e+04  3.007100e+04  8.125200e+04  8.027400e+04  1.868642e+00  7.035294e+01  8.702755e+02  3.141657e+02
7.960561e-03  1.679589e-02  5.663723e-02  4.313071e+00  7.299511e-01  2.123576e-02  2.175292e+00  1.402115e+07  4.798749e+02  7.729370e-05  7.505700e+04  8.740000e+02  5.712200e+04  4.986000e+04  2.656300e+04  4.141200e+04  2.017433e+00  7.804547e+01  1.436648e+02  7.457590e+01
2.357142e-02  5.639003e-03  9.030454e-02  1.517384e+00  3.626404e-01  1.317423e-02  7.869306e+00  5.487620e+06  7.028662e+02  1.091090e-04  7.923600e+04  4.414100e+04  3.496300e+04  8.647900e+04  6.810100e+04  2.674300e+04  1.559976e+00  5.867571e+01  4.797637e+02  1.799998e+02
1.186024e-02  1.364059e-02  9.110056e-02  1.121681e+00  8.437457e-01  4.585979e-02  6.445631e+00  7.844465e+06  6.484897e+02  1.317813e-04  1.661100e+04  9.682700e+04  3.347100e+04  6.418000e+03  2.120100e+04  1.990100e+04  3.195726e-01  1.213233e+01  4.539466e+01  1.928219e+01
1.525739e-02  1.594597e-02  9.879189e-02  3.281323e+00  2.896306e-01  3.988486e-02  6.716772e+00  7.706888e+06  9.282558e+02  5.312071e-05  7.122500e+04  5.486200e+04  9.691900e+04  6.112900e+04  6.341000e+04  9.087200e+04  1.719376e+00  6.560989e+01  2.265189e+02  9.794940e+01
2.061572e-02  1.185577e-02  8.283741e-02  3.938198e+00  8.798322e-01  3.458902e-02  1.994624e+00  1.409509e+07  5.955065e+02  9.223568e-05  8.205300e+04  7.528200e+04  6.330900e+04  8.810200e+04  1.639100e+04  3.940400e+04  1.402037e+00  4.879179e+01  5.549688e+01  3.523024e+01
2.435205e-02  4.135163e-03  8.232528e-02  3.119697e+00  2.554923e-01  2.361539e-02  7.507015e+00  9.251312e+06  8.898167e+02  8.613679e-05  7.409100e+04  5.068600e+04  7.620200e+04  9.808500e+04  1.691400e+04  9.797400e+04  2.255337e+00  9.706955e+01  4.030582e+02  1.674610e+02
1.507793e-02  2.598846e-02  9.551829e-02  3.043746e+00  6.378126e-01  1.042999e-02  7.025054e+00  1.292688e+07  6.099052e+02  5.663514e-05  5.200700e+04  3.814000e+04  3.593400e+04  5.298400e+04  1.389900e+04  7.508000e+04  1.460588e+00  5.325218e+01  7.007966e+02  2.518365e+02
8.146989e-03  1.936845e-02  9.588881e-02  1.033925e+00  4.747349e-01  4.531048e-02  9.191149e+00  5.920018e+06  9.077054e+02  5.791926e-05  4.597500e+04  2.229500e+04  4.260000e+02  6.155700e+04  2.889800e+04  4.586000e+03  3.518389e-02  1.358536e+01  1.106019e+02  4.140748e+01
2.943792e-02  2.999944e-02  9.238319e-02  3.331807e+00  4.917411e-01  4.493288e-02  4.770596e+00  1.281604e+07  3.305434e+02  1.137039e-04  2.207200e+04  6.234800e+04  3.760800e+04  8.992000e+03  3.470000e+02  3.619300e+04  1.080625e+00  3.944612e+01  1.383047e+02  5.961047e+01
2.332754e-02  1.895761e-02  6.320285e-02  3.774650e+00  7.330473e-01  3.845488e-02  2.352208e+00  7.023902e+06  8.812559e+02  1.046518e-04  6.372100e+04  5.472400e+04  1.588500e+04  1.870300e+04  7.623100e+04  5.306400e+04  1.295619e+00  4.716102e+01  7.371427e+01  4.072364e+01
1.264255e-05  1.954384e-02  8.657752e-02  4.086997e+00  2.964906e-01  2.027765e-02  9.878703e+00  8.520015e+06  7.388539e+02  1.334588e-04  4.732000e+04  5.052400e+04  4.667100e+04  7.484200e+04  2.365900e+04  1.399800e+04  2.144708e+00  8.409804e+01  6.691909e+02  2.518112e+02
1.953389e-02  1.143147e-02  5.540772e-02  2.706381e+00  9.250176e-01  3.323701e-02  7.775720e+00  1.259920e+07  4.433137e+02  1.472352e-04  3.114000e+04  6.903000e+04  5.604700e+04  8.749800e+04  1.518000e+04  1.626700e+04  7.664166e-02  1.175050e+01  6.625962e+01  2.602892e+01
2.529111e-02  7.024658e-03  8.845701e-02  3.281702e+00  7.305669e-01  2.658763e-02  5.169404e+00  7.306441e+06  4.659270e+02  1.096406e-04  1.747700e+04  7.349100e+04  8.326600e+04  6.173000e+03  1.292200e+04  8.172300e+04  8.967853e-01  3.560204e+01  1.237490e+02  5.341595e+01
2.887510e-02  2.845432e-02  9.278160e-02  2.162783e+00  4.740329e-01  2.029258e-02  7.952170e+00  1.151586e+07  7.900404e+02  5.421403e-05  1.984700e+04  2.509300e+04  5.438100e+04  7.482000e+03  9.900400e+04  7.051700e+04  1.082178e+00  3.927846e+01  4.166778e+02  1.523461e+02
2.422070e-02  3.830523e-03  9.674525e-02  3.175196e+00  7.153652e-01  4.543917e-02  8.389189e+00  7.117549e+06  3.870307e+02  1.435258e-04  8.957800e+04  5.449300e+04  8.134100e+04  6.481500e+04  4.037200e+04  5.935200e+04  3.339068e-01  2.063433e+01  7.107757e+01  3.068193e+01
1.053179e-02  2.746880e-02  8.772741e-02  1.013439e+00  6.024258e-01  7.582913e-03  9.214358e+00  7.322910e+06  4.554179e+02  1.426063e-04  6.486400e+04  3.213700e+04  2.112100e+04  9.728600e+04  7.751200e+04  1.119300e+04  NaN  NaN  NaN  NaN
8.031721e-03  1.140912e-02  7.310716e-02  2.911730e+00  3.245552e-01  3.880858e-02  7.783167e+00  1.267064e+07  3.729623e+02  5.394351e-05  8.373900e+04  4.161500e+04  3.667000e+03  1.532600e+04  2.124000e+03  1.316100e+04  1.405792e+00  5.244815e+01  2.192895e+02  9.104781e+01
1.631222e-02  1.642235e-02  6.078944e-02  3.203071e+00  9.505003e-01  1.045213e-02  3.665559e+00  7.252753e+06  7.801261e+01  8.642509e-05  8.969400e+04  6.453900e+04  7.395000e+03  7.697000e+04  4.916500e+04  7.206000e+04  1.343390e+00  4.742088e+01  3.006015e+02  1.164553e+02
6.426475e-03  2.712911e-02  6.921865e-02  1.122603e+00  3.535637e-01  4.018658e-02  1.189630e+00  5.966032e+06  1.944157e+02  9.728036e-05  5.668500e+04  2.167000e+04  3.828000e+03  4.478800e+04  5.180000e+04  5.183200e+04  2.295460e+00  9.556788e+01  4.841497e+01  4.875944e+01
7.940069e-03  1.596881e-02  7.998326e-02  3.179717e+00  2.602749e-01  3.036715e-02  4.587983e+00  1.175695e+07  4.597200e+02  1.392617e-04  4.818500e+04  8.299500e+04  7.195500e+04  6.705400e+04  4.628700e+04  5.391600e+04  2.354226e+00  9.830652e+01  2.412777e+02  1.139795e+02
2.423459e-02  2.963309e-02  9.102689e-02  3.615903e+00  3.760911e-01  1.451782e-02  2.304032e+00  7.452570e+06  8.152667e+02  1.359160e-04  5.416100e+04  9.066800e+04  4.786000e+03  4.557600e+04  3.591700e+04  9.256500e+04  3.170771e+00  1.458528e+02  3.685464e+02  1.725233e+02
2.524263e-02  1.238014e-03  8.487289e-02  2.097261e+00  2.745579e-01  4.774610e-02  5.100987e+00  1.454028e+07  2.513462e+02  1.145124e-04  6.248400e+04  7.082600e+04  3.145000e+04  8.558500e+04  2.309800e+04  9.444100e+04  1.659141e+00  7.092851e+01  7.250522e+01  4.836429e+01
1.173659e-02  2.388794e-03  6.329856e-02  3.839680e+00  4.651210e-01  2.480523e-02  8.146051e+00  6.955164e+06  9.038077e+02  1.029769e-04  7.666000e+03  7.389600e+04  5.850600e+04  4.715800e+04  5.590800e+04  8.557900e+04  1.424641e+00  5.563314e+01  2.418001e+02  9.961928e+01
1.754303e-02  9.946605e-03  5.672564e-02  2.455340e+00  9.064399e-01  8.281591e-04  9.793026e+00  8.430118e+06  9.065428e+02  9.024902e-05  2.600200e+04  6.854200e+04  8.875700e+04  9.783200e+04  7.914500e+04  4.001100e+04  1.212682e+00  4.283448e+01  8.473640e+02  2.971370e+02
1.958699e-02  1.334279e-02  5.510751e-02  3.933790e+00  4.336829e-01  6.960108e-03  8.266343e+00  7.215681e+06  3.313330e+02  6.463910e-05  5.165700e+04  6.522200e+04  7.317000e+04  6.055900e+04  5.319000e+04  4.264800e+04  2.410111e+00  9.403259e+01  1.190878e+03  4.291068e+02
3.232487e-03  2.310665e-02  7.832679e-02  4.559382e+00  6.859772e-01  2.873425e-02  8.434342e+00  1.373441e+07  1.307091e+02  1.422779e-04  2.390000e+02  8.645000e+04  9.658200e+04  9.120800e+04  4.973400e+04  4.071100e+04  7.863057e-01  2.838842e+01  2.746678e+02  1.012808e+02
1.475640e-02  2.326661e-03  8.760376e-02  1.736911e+00  9.774853e-01  1.762801e-02  2.361261e+00  1.322935e+07  4.634428e+02  1.472568e-04  1.876600e+04  4.231500e+04  3.196200e+04  3.946000e+03  7.552100e+04  9.130400e+04  9.129300e-01  2.361561e+01  3.426832e+01  1.959895e+01
2.916224e-02  2.872261e-02  7.834220e-02  1.279586e+00  8.990897e-01  3.438128e-02  1.321019e+00  5.511898e+06  5.304315e+02  1.245398e-04  9.027600e+04  1.462600e+04  5.422100e+04  4.155100e+04  1.640600e+04  9.603500e+04  9.382863e-01  3.103150e+01  5.384992e+01  2.860657e+01
2.854927e-03  2.372850e-03  7.056157e-02  1.175478e+00  7.469103e-01  3.799877e-02  1.587758e+00  1.260302e+07  2.896898e+02  1.487109e-04  5.269500e+04  7.635500e+04  2.491400e+04  5.952600e+04  5.602500e+04  9.532000e+04  1.937757e+00  7.071861e+00  2.146333e+00  3.718650e+00
1.178937e-02  1.680087e-02  7.128707e-02  4.718137e+00  9.752758e-01  4.914749e-02  1.351431e+00  1.006520e+07  4.236092e+02  1.367941e-04  3.496200e+04  9.563900e+04  1.104200e+04  7.753800e+04  7.591000e+03  9.253000e+04  3.027698e+00  5.652793e+01  2.286200e+01  2.747254e+01
1.563095e-02  2.199765e-05  5.406997e-02  1.128799e+00  6.807664e-01  1.327466e-02  1.196185e+00  9.495428e+06  9.229485e+02  1.249640e-04  8.123300e+04  3.574000e+04  4.900600e+04  1.340100e+04  5.593500e+04  5.158400e+04  4.733608e+00  1.471981e+02  5.821776e+00  5.258450e+01
2.800242e-02  4.370572e-04  8.349312e-02  1.027496e+00  6.731081e-01  1.790002e-02  1.273876e+00  1.408969e+07  6.320930e+02  9.337212e-05  8.667200e+04  5.908300e+04  6.081200e+04  9.731700e+04  2.427000e+04  1.602800e+04  2.773339e+00  1.134896e+02  3.461095e+01  5.029131e+01
1.309958e-02  1.801799e-03  5.383772e-02  1.108046e+00  8.671774e-01  4.725191e-02  1.863210e+00  5.807227e+06  8.571145e+02  1.489392e-04  4.385600e+04  1.066100e+04  4.156400e+04  9.603600e+04  6.803400e+04  8.330000e+02  1.451639e+00  6.952511e+00  5.299465e-01  2.978032e+00
5.553008e-03  3.356235e-03  5.855038e-02  1.108140e+00  9.984463e-01  4.244220e-02  3.229509e+00  1.042516e+07  9.544455e+02  1.421273e-04  5.686200e+04  2.789700e+04  1.717200e+04  9.490300e+04  8.327900e+04  2.785500e+04  1.610992e-01  1.377514e-02  2.747839e-01  1.498861e-01
1.757856e-02  1.336433e-02  8.002922e-02  1.085630e+00  7.633271e-01  4.332331e-02  1.796736e+00  6.665655e+06  4.637943e+02  1.446361e-04  7.360900e+04  2.078600e+04  3.106200e+04  5.992500e+04  7.983100e+04  8.701900e+04  6.042885e-01  1.975027e+01  2.669203e+01  1.568219e+01
1.689597e-02  8.544449e-04  9.523125e-02  1.186119e+00  9.984443e-01  3.386039e-02  3.049184e+00  1.341406e+07  5.451465e+02  1.413724e-04  8.686700e+04  4.433800e+04  7.497400e+04  9.271400e+04  4.727000e+04  4.295300e+04  5.048583e-01  7.689493e+00  3.081061e+00  3.758471e+00
1.460491e-02  2.161178e-02  9.825951e-02  1.752024e+00  9.978922e-01  4.994103e-02  2.035610e+00  1.133956e+07  6.959352e+02  1.339302e-04  9.180000e+02  7.791200e+04  5.893000e+04  6.775900e+04  3.032300e+04  4.129700e+04  5.479782e-01  1.191240e+01  2.113248e+01  1.119762e+01
2.659972e-02  1.654453e-03  6.340746e-02  4.808275e+00  9.700319e-01  2.128405e-02  1.254774e+00  9.331255e+06  6.688801e+02  1.291862e-04  6.136100e+04  1.997400e+04  2.253900e+04  1.024200e+04  5.214800e+04  1.710900e+04  4.896825e+00  6.899052e+01  1.198682e+01  2.862472e+01
1.101017e-02  7.699835e-04  9.462523e-02  2.488346e+00  9.941999e-01  4.288510e-02  1.385980e+00  1.079744e+07  4.567787e+02  1.421218e-04  2.025000e+04  3.238000e+04  7.292400e+04  4.527000e+04  9.387700e+04  7.167300e+04  3.077353e+00  8.399199e+00  7.106664e-01  4.062406e+00
1.001597e-02  1.039772e-04  9.097675e-02  4.253208e+00  9.063688e-01  1.692703e-02  1.289077e+00  8.957792e+06  9.314068e+02  1.236216e-04  2.539900e+04  2.061000e+04  3.581800e+04  3.330000e+04  9.626000e+04  1.092100e+04  5.330871e+00  4.670492e+01  2.190541e+00  1.807544e+01
3.509262e-03  2.150254e-03  7.942555e-02  1.077008e+00  9.920627e-01  3.910012e-02  4.619002e+00  7.270328e+06  3.910254e+02  1.456451e-04  5.810500e+04  3.045100e+04  6.214600e+04  4.863200e+04  7.436600e+04  5.365300e+04  1.836826e-01  3.024119e-01  9.575417e-02  1.939496e-01
9.023959e-03  4.864189e-04  9.060943e-02  1.326032e+00  9.896740e-01  3.820553e-02  3.444996e+00  9.685276e+06  1.740955e+02  1.491171e-04  3.215600e+04  2.496500e+04  2.260900e+04  6.436000e+03  8.036300e+04  4.599200e+04  3.690957e-01  3.477037e+00  2.176824e-01  1.354605e+00
2.086937e-02  2.433873e-03  7.138111e-02  1.366491e+00  9.907809e-01  4.992354e-02  8.407193e+00  9.051993e+06  5.177921e+02  1.232765e-04  6.059500e+04  4.829500e+04  7.230000e+02  4.093300e+04  1.598900e+04  6.021100e+04  3.188980e-01  2.267823e+00  6.249154e+00  2.945291e+00
1.662248e-03  1.974903e-03  8.502091e-02  1.819604e+00  9.499627e-01  4.935009e-02  1.039440e+00  6.117802e+06  9.030273e+02  1.456494e-04  4.198100e+04  1.548500e+04  1.852900e+04  2.628500e+04  9.502800e+04  3.250700e+04  3.572483e+00  3.082063e-01  8.175260e-01  1.566072e+00
5.740630e-03  2.177582e-03  7.819986e-02  1.019043e+00  4.936102e-01  4.193586e-02  6.926754e+00  1.385249e+07  1.011687e+02  1.484393e-04  2.620000e+02  2.957700e+04  9.672900e+04  6.496200e+04  6.314900e+04  4.165000e+03  1.088568e-01  1.260398e+01  4.524671e+01  1.931985e+01
2.459517e-03  2.855545e-02  6.604868e-02  2.439147e+00  9.978731e-01  4.994176e-02  7.341223e+00  1.299542e+07  4.981521e+02  1.454065e-04  1.169000e+04  4.635400e+04  4.972700e+04  5.648700e+04  9.413000e+03  8.721800e+04  1.920540e-01  1.749970e+01  6.291213e+01  2.686796e+01
1.686644e-02  5.668486e-04  7.144351e-02  1.364057e+00  9.366733e-01  4.680878e-02  4.438376e+00  1.220270e+07  1.870287e+02  1.454472e-04  3.332700e+04  4.064000e+03  9.692900e+04  4.298100e+04  8.081200e+04  2.965900e+04  2.294536e-01  4.417685e+00  5.834780e-01  1.743539e+00
8.059124e-03  1.478176e-03  7.268184e-02  2.133607e+00  9.776593e-01  4.922098e-02  2.470690e+00  9.245911e+06  7.616463e+02  1.371617e-04  9.738400e+04  4.645000e+04  6.804200e+04  9.249200e+04  3.316400e+04  4.786200e+04  1.147556e+00  1.767281e+00  6.009599e-01  1.171933e+00
1.277780e-03  1.324621e-02  9.056879e-02  1.185557e+00  9.835076e-01  3.787067e-02  2.554828e+00  7.124577e+06  2.409974e+02  1.422201e-04  7.994800e+04  2.858300e+04  3.904800e+04  3.989700e+04  8.705500e+04  9.450900e+04  1.948110e-01  2.916732e+00  8.184882e+00  3.765475e+00
2.378869e-02  2.915294e-02  8.227650e-02  1.410751e+00  9.621289e-01  4.255255e-02  1.080813e+00  5.299581e+06  3.187852e+02  1.319383e-04  9.170000e+03  3.835000e+04  3.658700e+04  1.334900e+04  4.176100e+04  2.460000e+02  1.244331e+00  3.377974e+01  2.852678e+01  2.118362e+01
1.323217e-02  1.034018e-03  7.840047e-02  1.024938e+00  9.929271e-01  2.764030e-02  9.781488e+00  1.478974e+07  6.651121e+02  1.452737e-04  4.443300e+04  1.707400e+04  6.446500e+04  3.896300e+04  2.516000e+04  4.485500e+04  3.898777e-01  4.542236e+00  1.069137e+01  5.207829e+00
2.569169e-02  2.690338e-02  9.394965e-02  1.213987e+00  9.822357e-01  2.416630e-02  2.389452e+00  9.249035e+06  9.608057e+02  1.475878e-04  4.248800e+04  3.039200e+04  4.291200e+04  2.477600e+04  5.583800e+04  6.849700e+04  3.037263e-01  2.282599e+01  9.795273e+01  4.036082e+01
2.673526e-02  2.988973e-02  5.879497e-02  1.107542e+00  2.717784e-01  4.982086e-02  3.232797e+00  7.345189e+06  3.339738e+02  1.257622e-04  7.667500e+04  4.141600e+04  2.781200e+04  5.710900e+04  1.082300e+04  5.945600e+04  1.251142e+00  4.514691e+01  5.995902e+01  3.545236e+01
2.464476e-02  1.318837e-04  8.031154e-02  3.726022e+00  9.769204e-01  1.814307e-02  9.671550e+00  7.041074e+06  2.009542e+02  1.199027e-04  2.191500e+04  6.926800e+04  7.374000e+04  7.771300e+04  3.142000e+04  9.444200e+04  6.199715e-01  3.638875e+01  1.349181e+01  1.683351e+01
6.807792e-03  2.375736e-03  8.735244e-02  1.022166e+00  9.437506e-01  3.329892e-02  9.197869e+00  1.182677e+07  6.349476e+02  1.455009e-04  6.181700e+04  2.205400e+04  8.142300e+04  9.984200e+04  3.529400e+04  2.557000e+04  4.519125e-01  6.783873e+00  1.023498e+02  3.652853e+01
1.334137e-02  1.744301e-03  9.132950e-02  4.056643e+00  7.783001e-01  4.929684e-02  1.065028e+00  8.284249e+06  3.139509e+02  1.059360e-04  9.913500e+04  1.200200e+04  2.191200e+04  3.440400e+04  6.250000e+04  6.421700e+04  5.989516e+00  1.243373e+02  1.189333e+01  4.740673e+01
1.762669e-03  2.892801e-04  8.227924e-02  1.162020e+00  6.799784e-01  3.094255e-02  5.287396e+00  5.350316e+06  1.186115e+02  1.375061e-04  6.277500e+04  4.804100e+04  3.019400e+04  5.403500e+04  9.763400e+04  8.086600e+04  1.472268e-01  2.558306e+00  3.018548e+00  1.908027e+00
1.734525e-02  4.935707e-05  5.156023e-02  1.045002e+00  9.939250e-01  4.241860e-02  1.878004e+00  8.843430e+06  6.768236e+02  1.326029e-04  8.920900e+04  3.552500e+04  1.237200e+04  4.644900e+04  5.284300e+04  5.895700e+04  1.003343e+00  3.090834e+00  9.906782e-01  1.694952e+00
2.422877e-02  1.552921e-03  8.675988e-02  1.729068e+00  9.940165e-01  4.990497e-02  5.657337e+00  7.321925e+06  2.310621e+02  1.477009e-04  7.862000e+04  5.325300e+04  6.415100e+04  4.846700e+04  6.417200e+04  9.064800e+04  5.517442e-02  4.252467e+00  3.959595e+00  2.755745e+00
2.839308e-02  3.259931e-05  8.637000e-02  2.041403e+00  9.867563e-01  2.253035e-02  9.940421e+00  1.370083e+07  4.910123e+02  1.486792e-04  6.107800e+04  2.357100e+04  4.151600e+04  5.280000e+02  8.577500e+04  1.209000e+04  6.265802e-01  5.435028e+01  3.308911e+00  1.942859e+01
1.021047e-03  3.010665e-03  7.200528e-02  1.355384e+00  9.926861e-01  4.925013e-02  4.118136e+00  1.049967e+07  8.978357e+01  1.395954e-04  9.242600e+04  1.147500e+04  7.139800e+04  6.463500e+04  4.310700e+04  1.407100e+04  1.690566e-02  8.262917e-01  6.985582e-01  5.139185e-01
1.494231e-02  9.847775e-03  6.324440e-02  1.226414e+00  9.921274e-01  4.976851e-02  4.543357e+00  1.399920e+07  5.201586e+02  1.478437e-04  1.925200e+04  3.060400e+04  2.356900e+04  2.113900e+04  8.137000e+04  4.017100e+04  6.752004e-02  1.401165e+01  4.948451e+01  2.118789e+01
2.841636e-02  4.081139e-04  8.318237e-02  1.381505e+00  9.935697e-01  4.932557e-02  1.246935e+00  8.744385e+06  6.192985e+02  1.491556e-04  8.820900e+04  3.547400e+04  9.082000e+04  7.346600e+04  3.531700e+04  5.366300e+04  2.618495e+00  1.945190e+01  8.165436e-01  7.628980e+00
1.114312e-02  2.863599e-02  6.043204e-02  3.604134e+00  9.653355e-01  4.941194e-02  1.209153e+00  6.127298e+06  6.394396e+02  9.187236e-05  7.969000e+04  4.144000e+03  3.638000e+04  3.044800e+04  3.400900e+04  7.966000e+04  2.467056e+00  6.290018e+01  2.780138e+01  3.105621e+01
9.163652e-04  9.111946e-04  5.225039e-02  1.021791e+00  9.860587e-01  2.842883e-02  3.813239e+00  1.289990e+07  8.505339e+02  1.381899e-04  9.550000e+04  4.988000e+04  1.771700e+04  1.637400e+04  6.409600e+04  9.383500e+04  8.547447e-02  9.235361e-01  9.206589e-01  6.432231e-01
8.273774e-03  2.333798e-04  5.264726e-02  1.061527e+00  8.352735e-01  3.346744e-02  4.122770e+00  1.417217e+07  6.843313e+02  1.474600e-04  9.671900e+04  5.672600e+04  1.315400e+04  1.516700e+04  3.541000e+04  5.252700e+04  2.446118e-01  3.142934e+00  3.646615e-01  1.250736e+00
2.969048e-02  3.752519e-04  6.231522e-02  1.480307e+00  7.088094e-01  4.972863e-02  9.715185e+00  1.403208e+07  2.993383e+01  1.433061e-04  7.345800e+04  5.744200e+04  6.374000e+03  8.333000e+03  6.537900e+04  3.086500e+04  3.718594e-01  2.609160e+01  1.314907e+01  1.320418e+01
1.963428e-03  2.878724e-04  8.326186e-02  1.297633e+00  8.715768e-01  4.625415e-02  4.747103e+00  6.267922e+06  4.999135e+02  1.161882e-04  1.875800e+04  4.181100e+04  5.665800e+04  2.307000e+04  6.315100e+04  8.253800e+04  1.650681e-02  3.036361e-01  9.152105e-01  4.117845e-01
1.609384e-02  5.097568e-03  8.052389e-02  1.077384e+00  9.822615e-01  4.021633e-02  1.132894e+00  8.882158e+06  7.255502e+02  1.472755e-04  9.996400e+04  7.563100e+04  9.593300e+04  6.035400e+04  8.638300e+04  4.689200e+04  1.966699e+00  1.814440e+01  5.673778e+00  8.594960e+00
2.645343e-02  2.978560e-04  9.493226e-02  1.450052e+00  9.175956e-01  2.839366e-02  2.646051e+00  1.063623e+07  8.509034e+02  1.496992e-04  4.586700e+04  3.644700e+04  3.088000e+03  5.597600e+04  7.580000e+04  9.632900e+04  1.631841e+00  4.531909e+01  8.880415e+00  1.861045e+01
8.026100e-03  3.432227e-04  8.807999e-02  1.068353e+00  9.856201e-01  2.742488e-02  6.014961e+00  6.127931e+06  6.086172e+02  1.483974e-04  4.525800e+04  8.111800e+04  2.123100e+04  2.845400e+04  6.937700e+04  8.267400e+04  1.997841e-01  2.594459e+00  6.819531e-01  1.158732e+00
9.953635e-04  4.696754e-06  9.028674e-02  4.234648e+00  9.797256e-01  1.647810e-02  6.946411e+00  1.283178e+07  9.733273e+02  1.460929e-04  7.589000e+03  7.467200e+04  9.540900e+04  3.987500e+04  7.733700e+04  8.868500e+04  NaN  NaN  NaN  NaN
1.165730e-04  1.708205e-02  5.799459e-02  1.190720e+00  9.772506e-01  3.276177e-02  4.509517e+00  1.226636e+07  7.090483e+02  1.456925e-04  3.879600e+04  6.809900e+04  4.862100e+04  6.374300e+04  3.464200e+04  8.042600e+04  2.774180e-01  7.780853e+00  3.831131e+01  1.545653e+01
1.437044e-03  2.722981e-04  7.186693e-02  1.556209e+00  8.726841e-01  4.963292e-02  9.685309e+00  7.980566e+06  4.635076e+02  1.374861e-04  6.305700e+04  2.803700e+04  3.046300e+04  6.939000e+03  2.237400e+04  6.984400e+04  NaN  NaN  NaN  NaN
