0.000000e+00  0.000000e+00  0.000000e+00  1.289524e+00  4.268420e-01  4.886718e-02  7.476421e+00  3.241200e+04  7.850000e+02  9.383100e+04  4.713867e-01  9.673388e-01  1.000000e+00  4.713867e-01
0.000000e+00  0.000000e+00  0.000000e+00  2.402271e+00  4.268420e-01  4.886718e-02  7.476421e+00  9.730100e+04  7.104400e+04  3.614100e+04  8.456427e-01  8.061030e-01  1.000000e+00  8.456427e-01
0.000000e+00  0.000000e+00  0.000000e+00  4.855135e+00  4.268420e-01  4.886718e-02  7.476421e+00  6.539700e+04  2.620700e+04  9.624600e+04  1.347147e+00  2.062303e-01  1.000000e+00  1.347147e+00
0.000000e+00  0.000000e+00  0.000000e+00  7.577681e-01  4.268420e-01  4.886718e-02  7.476421e+00  3.569500e+04  1.897100e+04  3.684600e+04  1.956484e-01  9.898778e-01  1.000000e+00  1.956484e-01
0.000000e+00  0.000000e+00  0.000000e+00  3.887369e+00  4.268420e-01  4.886718e-02  7.476421e+00  7.101100e+04  4.429100e+04  3.971900e+04  1.178889e+00  4.619586e-01  1.000000e+00  1.178889e+00
0.000000e+00  0.000000e+00  0.000000e+00  1.342928e+00  4.268420e-01  4.886718e-02  7.476421e+00  3.421100e+04  6.070600e+04  5.348900e+04  4.940212e-01  9.629158e-01  1.000000e+00  4.940212e-01
0.000000e+00  0.000000e+00  0.000000e+00  3.808108e+00  4.268420e-01  4.886718e-02  7.476421e+00  7.909000e+04  2.693600e+04  4.063900e+04  1.163773e+00  4.822092e-01  1.000000e+00  1.163773e+00
0.000000e+00  0.000000e+00  0.000000e+00  2.659870e+00  4.268420e-01  4.886718e-02  7.476421e+00  6.523100e+04  9.806900e+04  9.821300e+04  9.127963e-01  7.534928e-01  1.000000e+00  9.127963e-01
0.000000e+00  0.000000e+00  0.000000e+00  3.480542e+00  4.268420e-01  4.886718e-02  7.476421e+00  3.414200e+04  6.595600e+04  9.603600e+04  1.098696e+00  5.642029e-01  1.000000e+00  1.098696e+00
0.000000e+00  0.000000e+00  0.000000e+00  3.730549e+00  4.268420e-01  4.886718e-02  7.476421e+00  1.454200e+04  6.426500e+04  3.249900e+04  1.148753e+00  5.018924e-01  1.000000e+00  1.148753e+00
0.000000e+00  0.000000e+00  0.000000e+00  7.853899e-01  4.268420e-01  4.886718e-02  7.476421e+00  8.486300e+04  6.759600e+04  8.795800e+04  2.130606e-01  9.894481e-01  1.000000e+00  2.130606e-01
0.000000e+00  0.000000e+00  0.000000e+00  2.108695e+00  4.268420e-01  4.886718e-02  7.476421e+00  9.750000e+02  4.432300e+04  6.220000e+04  7.622205e-01  8.606109e-01  1.000000e+00  7.622205e-01
0.000000e+00  0.000000e+00  0.000000e+00  2.108695e+00  4.268420e-01  4.886718e-02  7.476421e+00  5.706800e+04  4.100000e+04  5.992600e+04  7.622205e-01  8.606109e-01  1.000000e+00  7.622205e-01
0.000000e+00  0.000000e+00  0.000000e+00  4.359469e+00  4.268420e-01  4.886718e-02  7.476421e+00  2.005100e+04  9.986900e+04  8.445900e+04  1.264454e+00  3.388060e-01  1.000000e+00  1.264454e+00
0.000000e+00  0.000000e+00  0.000000e+00  2.498573e-01  4.268420e-01  4.886718e-02  7.476421e+00  3.167400e+04  2.194300e+04  9.334300e+04  2.729931e-01  9.965508e-01  1.000000e+00  2.729931e-01
0.000000e+00  0.000000e+00  0.000000e+00  2.454290e+00  4.268420e-01  4.886718e-02  7.476421e+00  3.782000e+03  1.526600e+04  1.986000e+03  8.596218e-01  7.957677e-01  1.000000e+00  8.596218e-01
0.000000e+00  0.000000e+00  0.000000e+00  2.213905e+00  4.268420e-01  4.886718e-02  7.476421e+00  3.874900e+04  7.266000e+04  8.998400e+04  7.930554e-01  8.419570e-01  1.000000e+00  7.930554e-01
0.000000e+00  0.000000e+00  0.000000e+00  3.196496e+00  4.268420e-01  4.886718e-02  7.476421e+00  7.662400e+04  9.653600e+04  9.843300e+04  1.038460e+00  6.326357e-01  1.000000e+00  1.038460e+00
0.000000e+00  0.000000e+00  0.000000e+00  2.995017e+00  4.268420e-01  4.886718e-02  7.476421e+00  8.608200e+04  2.904100e+04  2.788500e+04  9.932663e-01  6.795613e-01  1.000000e+00  9.932663e-01
0.000000e+00  0.000000e+00  0.000000e+00  1.267248e+00  4.268420e-01  4.886718e-02  7.476421e+00  7.246900e+04  3.819500e+04  1.527200e+04  4.617392e-01  9.690654e-01  1.000000e+00  4.617392e-01
0.000000e+00  0.000000e+00  0.000000e+00  1.525105e+00  4.268420e-01  4.886718e-02  7.476421e+00  8.954700e+04  6.222300e+04  4.530000e+04  5.665240e-01  9.448210e-01  1.000000e+00  5.665240e-01
0.000000e+00  0.000000e+00  0.000000e+00  3.230908e+00  4.268420e-01  4.886718e-02  7.476421e+00  9.495300e+04  2.638900e+04  1.577600e+04  1.045965e+00  6.244796e-01  1.000000e+00  1.045965e+00
0.000000e+00  0.000000e+00  0.000000e+00  2.033444e+00  4.268420e-01  4.886718e-02  7.476421e+00  4.618900e+04  3.692300e+04  7.850400e+04  7.394565e-01  8.733484e-01  1.000000e+00  7.394565e-01
0.000000e+00  0.000000e+00  0.000000e+00  1.109114e+00  4.268420e-01  4.886718e-02  7.476421e+00  2.873000e+04  1.776600e+04  4.932200e+04  3.893563e-01  9.792283e-01  1.000000e+00  3.893563e-01
0.000000e+00  0.000000e+00  0.000000e+00  2.096221e+00  4.268420e-01  4.886718e-02  7.476421e+00  7.185200e+04  6.458000e+04  1.446200e+04  7.584895e-01  8.627571e-01  1.000000e+00  7.584895e-01
0.000000e+00  0.000000e+00  0.000000e+00  2.791801e+00  4.268420e-01  4.886718e-02  7.476421e+00  9.600900e+04  9.145300e+04  8.676100e+04  9.453273e-01  7.251309e-01  1.000000e+00  9.453273e-01
0.000000e+00  0.000000e+00  0.000000e+00  3.619619e+00  4.268420e-01  4.886718e-02  7.476421e+00  3.523200e+04  2.295000e+04  4.470100e+04  1.126860e+00  5.298353e-01  1.000000e+00  1.126860e+00
0.000000e+00  0.000000e+00  0.000000e+00  5.103997e-01  4.268420e-01  4.886718e-02  7.476421e+00  3.124000e+04  6.071600e+04  2.231600e+04  1.357252e-02  9.928979e-01  1.000000e+00  1.357252e-02
0.000000e+00  0.000000e+00  0.000000e+00  4.428266e+00  4.268420e-01  4.886718e-02  7.476421e+00  3.137700e+04  3.073300e+04  6.538200e+04  1.276337e+00  3.205621e-01  1.000000e+00  1.276337e+00
0.000000e+00  0.000000e+00  0.000000e+00  3.661715e+00  4.268420e-01  4.886718e-02  7.476421e+00  4.686600e+04  8.276000e+03  1.702200e+04  1.135226e+00  5.193284e-01  1.000000e+00  1.135226e+00
0.000000e+00  0.000000e+00  0.000000e+00  1.408234e+00  4.268420e-01  4.886718e-02  7.476421e+00  6.667000e+03  1.895900e+04  7.307400e+04  5.208077e-01  9.569605e-01  1.000000e+00  5.208077e-01
0.000000e+00  0.000000e+00  0.000000e+00  4.207421e+00  4.268420e-01  4.886718e-02  7.476421e+00  8.356000e+03  6.431800e+04  5.963800e+04  1.237685e+00  3.788946e-01  1.000000e+00  1.237685e+00
0.000000e+00  0.000000e+00  0.000000e+00  2.042372e+00  4.268420e-01  4.886718e-02  7.476421e+00  6.814800e+04  8.328600e+04  7.620000e+04  7.421899e-01  8.718635e-01  1.000000e+00  7.421899e-01
0.000000e+00  0.000000e+00  0.000000e+00  2.042372e+00  4.268420e-01  4.886718e-02  7.476421e+00  6.733800e+04  2.778600e+04  2.873500e+04  7.421899e-01  8.718635e-01  1.000000e+00  7.421899e-01
0.000000e+00  0.000000e+00  0.000000e+00  4.168168e+00  4.268420e-01  4.886718e-02  7.476421e+00  8.467300e+04  7.553800e+04  6.472200e+04  1.230657e+00  3.891867e-01  1.000000e+00  1.230657e+00
0.000000e+00  0.000000e+00  0.000000e+00  1.054020e+00  4.268420e-01  4.886718e-02  7.476421e+00  9.459800e+04  3.693500e+04  3.236100e+04  3.623360e-01  9.819073e-01  1.000000e+00  3.623360e-01
0.000000e+00  0.000000e+00  0.000000e+00  3.326041e+00  4.268420e-01  4.886718e-02  7.476421e+00  4.917400e+04  6.435300e+04  5.950800e+04  1.066407e+00  6.017329e-01  1.000000e+00  1.066407e+00
0.000000e+00  0.000000e+00  0.000000e+00  3.326041e+00  4.268420e-01  4.886718e-02  7.476421e+00  7.526000e+03  1.900000e+04  9.235700e+04  1.066407e+00  6.017329e-01  1.000000e+00  1.066407e+00
0.000000e+00  0.000000e+00  0.000000e+00  4.614504e+00  4.268420e-01  4.886718e-02  7.476421e+00  9.843100e+04  4.295900e+04  1.125300e+04  1.307831e+00  2.708935e-01  1.000000e+00  1.307831e+00
0.000000e+00  0.000000e+00  0.000000e+00  3.369651e+00  4.268420e-01  4.886718e-02  7.476421e+00  7.285100e+04  1.363600e+04  6.309100e+04  1.075632e+00  5.912114e-01  1.000000e+00  1.075632e+00
0.000000e+00  0.000000e+00  0.000000e+00  2.350837e+00  4.268420e-01  4.886718e-02  7.476421e+00  1.700100e+04  3.007100e+04  8.125200e+04  8.315971e-01  8.161872e-01  1.000000e+00  8.315971e-01
0.000000e+00  0.000000e+00  0.000000e+00  7.562963e-01  4.268420e-01  4.886718e-02  7.476421e+00  2.031000e+03  3.689800e+04  7.397300e+04  1.947074e-01  9.898997e-01  1.000000e+00  1.947074e-01
0.000000e+00  0.000000e+00  0.000000e+00  1.238725e+00  4.268420e-01  4.886718e-02  7.476421e+00  1.968400e+04  7.505700e+04  8.740000e+02  4.492003e-01  9.711670e-01  1.000000e+00  4.492003e-01
0.000000e+00  0.000000e+00  0.000000e+00  3.687792e+00  4.268420e-01  4.886718e-02  7.476421e+00  5.362500e+04  1.661100e+04  9.682700e+04  1.140372e+00  5.127955e-01  1.000000e+00  1.140372e+00
0.000000e+00  0.000000e+00  0.000000e+00  1.151979e+00  4.268420e-01  4.886718e-02  7.476421e+00  9.944500e+04  7.122500e+04  5.486200e+04  4.096978e-01  9.768396e-01  1.000000e+00  4.096978e-01
0.000000e+00  0.000000e+00  0.000000e+00  2.747817e+00  4.268420e-01  4.886718e-02  7.476421e+00  7.124200e+04  8.841500e+04  4.009500e+04  9.346116e-01  7.346978e-01  1.000000e+00  9.346116e-01
0.000000e+00  0.000000e+00  0.000000e+00  4.974138e+00  4.268420e-01  4.886718e-02  7.476421e+00  2.656300e+04  4.141200e+04  1.687400e+04  1.366054e+00  1.740978e-01  1.000000e+00  1.366054e+00
0.000000e+00  0.000000e+00  0.000000e+00  2.937766e+00  4.268420e-01  4.886718e-02  7.476421e+00  2.120100e+04  1.990100e+04  7.022500e+04  9.800122e-01  6.926085e-01  1.000000e+00  9.800122e-01
0.000000e+00  0.000000e+00  0.000000e+00  4.995868e-01  4.268420e-01  4.886718e-02  7.476421e+00  6.341000e+04  9.087200e+04  9.334400e+04  4.214810e-03  9.930228e-01  1.000000e+00  4.214810e-03
0.000000e+00  0.000000e+00  0.000000e+00  5.006769e-01  4.268420e-01  4.886718e-02  7.476421e+00  7.035100e+04  7.027900e+04  5.145300e+04  5.165009e-03  9.930101e-01  1.000000e+00  5.165009e-03
0.000000e+00  0.000000e+00  0.000000e+00  5.011477e-01  4.268420e-01  4.886718e-02  7.476421e+00  7.528200e+04  6.330900e+04  8.810200e+04  5.574907e-03  9.930047e-01  1.000000e+00  5.574907e-03
0.000000e+00  0.000000e+00  0.000000e+00  5.011376e-01  4.268420e-01  4.886718e-02  7.476421e+00  3.814000e+04  3.593400e+04  5.298400e+04  5.566092e-03  9.930048e-01  1.000000e+00  5.566092e-03
0.000000e+00  0.000000e+00  0.000000e+00  4.934294e-01  4.268420e-01  4.886718e-02  7.476421e+00  2.229500e+04  4.260000e+02  6.155700e+04  1.181889e-03  9.930943e-01  1.000000e+00  1.181889e-03
0.000000e+00  0.000000e+00  0.000000e+00  4.927976e-01  4.268420e-01  4.886718e-02  7.476421e+00  4.414100e+04  3.496300e+04  8.647900e+04  1.738532e-03  9.931017e-01  1.000000e+00  1.738532e-03
0.000000e+00  0.000000e+00  0.000000e+00  4.935339e-01  4.268420e-01  4.886718e-02  7.476421e+00  8.779600e+04  6.506700e+04  2.207200e+04  1.089891e-03  9.930931e-01  1.000000e+00  1.089891e-03
0.000000e+00  0.000000e+00  0.000000e+00  4.942911e-01  4.268420e-01  4.886718e-02  7.476421e+00  7.443300e+04  4.746000e+04  3.114000e+04  4.236237e-04  9.930843e-01  1.000000e+00  4.236237e-04
0.000000e+00  0.000000e+00  0.000000e+00  4.903400e-01  4.268420e-01  4.886718e-02  7.476421e+00  8.665600e+04  9.242100e+04  4.732000e+04  3.908659e-03  9.931304e-01  1.000000e+00  3.908659e-03
0.000000e+00  0.000000e+00  0.000000e+00  4.890351e-01  4.268420e-01  4.886718e-02  7.476421e+00  1.267800e+04  5.989600e+04  7.409100e+04  5.064245e-03  9.931456e-01  1.000000e+00  5.064245e-03
0.000000e+00  0.000000e+00  0.000000e+00  4.870048e-01  4.268420e-01  4.886718e-02  7.476421e+00  8.992000e+03  3.470000e+02  3.619300e+04  6.866872e-03  9.931694e-01  1.000000e+00  6.866872e-03
0.000000e+00  0.000000e+00  0.000000e+00  4.869102e-01  4.268420e-01  4.886718e-02  7.476421e+00  8.749800e+04  1.518000e+04  1.626700e+04  6.950961e-03  9.931705e-01  1.000000e+00  6.950961e-03
0.000000e+00  0.000000e+00  0.000000e+00  4.872572e-01  4.268420e-01  4.886718e-02  7.476421e+00  7.484200e+04  2.365900e+04  1.399800e+04  6.642413e-03  9.931665e-01  1.000000e+00  6.642413e-03
0.000000e+00  0.000000e+00  0.000000e+00  4.887400e-01  4.268420e-01  4.886718e-02  7.476421e+00  9.808500e+04  1.691400e+04  9.797400e+04  5.325919e-03  9.931491e-01  1.000000e+00  5.325919e-03
0.000000e+00  0.000000e+00  0.000000e+00  4.910637e-01  4.268420e-01  4.886718e-02  7.476421e+00  1.747700e+04  7.349100e+04  8.326600e+04  3.268752e-03  9.931219e-01  1.000000e+00  3.268752e-03
0.000000e+00  0.000000e+00  0.000000e+00  4.934272e-01  4.268420e-01  4.886718e-02  7.476421e+00  8.957800e+04  5.449300e+04  8.134100e+04  1.183855e-03  9.930944e-01  1.000000e+00  1.183855e-03
0.000000e+00  0.000000e+00  0.000000e+00  4.954969e-01  4.268420e-01  4.886718e-02  7.476421e+00  1.984700e+04  2.509300e+04  5.438100e+04  6.357856e-04  9.930703e-01  1.000000e+00  6.357856e-04
0.000000e+00  0.000000e+00  0.000000e+00  4.952856e-01  4.268420e-01  4.886718e-02  7.476421e+00  6.372100e+04  5.472400e+04  1.588500e+04  4.502595e-04  9.930727e-01  1.000000e+00  4.502595e-04
0.000000e+00  0.000000e+00  0.000000e+00  4.947703e-01  4.268420e-01  4.886718e-02  7.476421e+00  8.172300e+04  8.601800e+04  6.499200e+04  2.426590e-06  9.930787e-01  1.000000e+00  2.426590e-06
0.000000e+00  0.000000e+00  0.000000e+00  4.949838e-01  4.268420e-01  4.886718e-02  7.476421e+00  5.935200e+04  9.001000e+04  2.538100e+04  1.851913e-04  9.930762e-01  1.000000e+00  1.851913e-04
0.000000e+00  0.000000e+00  0.000000e+00  4.956689e-01  4.268420e-01  4.886718e-02  7.476421e+00  7.051700e+04  4.251900e+04  8.674900e+04  7.867476e-04  9.930683e-01  1.000000e+00  7.867476e-04
0.000000e+00  0.000000e+00  0.000000e+00  4.958130e-01  4.268420e-01  4.886718e-02  7.476421e+00  5.306400e+04  7.090000e+04  2.959000e+03  9.131919e-04  9.930666e-01  1.000000e+00  9.131919e-04
0.000000e+00  0.000000e+00  0.000000e+00  4.963883e-01  4.268420e-01  4.886718e-02  7.476421e+00  2.112100e+04  9.728600e+04  7.751200e+04  1.417658e-03  9.930599e-01  1.000000e+00  1.417658e-03
0.000000e+00  0.000000e+00  0.000000e+00  4.963420e-01  4.268420e-01  4.886718e-02  7.476421e+00  3.828000e+03  4.478800e+04  5.180000e+04  1.377058e-03  9.930604e-01  1.000000e+00  1.377058e-03
0.000000e+00  0.000000e+00  0.000000e+00  4.970816e-01  4.268420e-01  4.886718e-02  7.476421e+00  7.395000e+03  7.697000e+04  4.916500e+04  2.025120e-03  9.930518e-01  1.000000e+00  2.025120e-03
0.000000e+00  0.000000e+00  0.000000e+00  4.971316e-01  4.268420e-01  4.886718e-02  7.476421e+00  3.667000e+03  1.532600e+04  2.124000e+03  2.068866e-03  9.930513e-01  1.000000e+00  2.068866e-03
0.000000e+00  0.000000e+00  0.000000e+00  4.971204e-01  4.268420e-01  4.886718e-02  7.476421e+00  3.892200e+04  4.818500e+04  8.299500e+04  2.059073e-03  9.930514e-01  1.000000e+00  2.059073e-03
0.000000e+00  0.000000e+00  0.000000e+00  4.980428e-01  4.268420e-01  4.886718e-02  7.476421e+00  3.526600e+04  6.248400e+04  7.082600e+04  2.866187e-03  9.930407e-01  1.000000e+00  2.866187e-03
0.000000e+00  0.000000e+00  0.000000e+00  4.987258e-01  4.268420e-01  4.886718e-02  7.476421e+00  4.889600e+04  2.600200e+04  6.854200e+04  3.463117e-03  9.930327e-01  1.000000e+00  3.463117e-03
0.000000e+00  0.000000e+00  0.000000e+00  4.981776e-01  4.268420e-01  4.886718e-02  7.476421e+00  2.923800e+04  5.416100e+04  9.066800e+04  2.984059e-03  9.930391e-01  1.000000e+00  2.984059e-03
0.000000e+00  0.000000e+00  0.000000e+00  4.985450e-01  4.268420e-01  4.886718e-02  7.476421e+00  4.628700e+04  5.391600e+04  3.369300e+04  3.305233e-03  9.930348e-01  1.000000e+00  3.305233e-03
0.000000e+00  0.000000e+00  0.000000e+00  4.983954e-01  4.268420e-01  4.886718e-02  7.476421e+00  2.309800e+04  9.444100e+04  9.842000e+03  3.174473e-03  9.930366e-01  1.000000e+00  3.174473e-03
0.000000e+00  0.000000e+00  0.000000e+00  4.982563e-01  4.268420e-01  4.886718e-02  7.476421e+00  7.914500e+04  4.001100e+04  2.058200e+04  3.052927e-03  9.930382e-01  1.000000e+00  3.052927e-03
0.000000e+00  0.000000e+00  0.000000e+00  4.982789e-01  4.268420e-01  4.886718e-02  7.476421e+00  3.591700e+04  9.256500e+04  8.997200e+04  3.072620e-03  9.930379e-01  1.000000e+00  3.072620e-03
0.000000e+00  0.000000e+00  0.000000e+00  4.982244e-01  4.268420e-01  4.886718e-02  7.476421e+00  7.389600e+04  5.850600e+04  4.715800e+04  3.025009e-03  9.930386e-01  1.000000e+00  3.025009e-03
0.000000e+00  0.000000e+00  0.000000e+00  4.988857e-01  4.268420e-01  4.886718e-02  7.476421e+00  8.645000e+04  9.658200e+04  9.120800e+04  3.602845e-03  9.930309e-01  1.000000e+00  3.602845e-03
0.000000e+00  0.000000e+00  0.000000e+00  4.980590e-01  4.268420e-01  4.886718e-02  7.476421e+00  1.462600e+04  5.422100e+04  4.155100e+04  2.880406e-03  9.930405e-01  1.000000e+00  2.880406e-03
0.000000e+00  0.000000e+00  0.000000e+00  4.980668e-01  4.268420e-01  4.886718e-02  7.476421e+00  6.522200e+04  7.317000e+04  6.055900e+04  2.887173e-03  9.930404e-01  1.000000e+00  2.887173e-03
0.000000e+00  0.000000e+00  0.000000e+00  4.977639e-01  4.268420e-01  4.886718e-02  7.476421e+00  6.532300e+04  1.803900e+04  1.876600e+04  2.622333e-03  9.930439e-01  1.000000e+00  2.622333e-03
0.000000e+00  0.000000e+00  0.000000e+00  4.968082e-01  4.268420e-01  4.886718e-02  7.476421e+00  9.636400e+04  8.348500e+04  3.496200e+04  1.785613e-03  9.930550e-01  1.000000e+00  1.785613e-03
0.000000e+00  0.000000e+00  0.000000e+00  4.980289e-01  4.268420e-01  4.886718e-02  7.476421e+00  7.262800e+04  7.859400e+04  5.686200e+04  2.854080e-03  9.930408e-01  1.000000e+00  2.854080e-03
0.000000e+00  0.000000e+00  0.000000e+00  4.974858e-01  4.268420e-01  4.886718e-02  7.476421e+00  5.372000e+03  3.015700e+04  5.269500e+04  2.378953e-03  9.930471e-01  1.000000e+00  2.378953e-03
0.000000e+00  0.000000e+00  0.000000e+00  4.974611e-01  4.268420e-01  4.886718e-02  7.476421e+00  3.946000e+03  7.552100e+04  9.130400e+04  2.357340e-03  9.930474e-01  1.000000e+00  2.357340e-03
0.000000e+00  0.000000e+00  0.000000e+00  4.972810e-01  4.268420e-01  4.886718e-02  7.476421e+00  7.753800e+04  7.591000e+03  9.253000e+04  2.199723e-03  9.930495e-01  1.000000e+00  2.199723e-03
0.000000e+00  0.000000e+00  0.000000e+00  4.975065e-01  4.268420e-01  4.886718e-02  7.476421e+00  9.490300e+04  8.327900e+04  2.785500e+04  2.397074e-03  9.930469e-01  1.000000e+00  2.397074e-03
0.000000e+00  0.000000e+00  0.000000e+00  4.978086e-01  4.268420e-01  4.886718e-02  7.476421e+00  5.952600e+04  5.602500e+04  9.532000e+04  2.661375e-03  9.930434e-01  1.000000e+00  2.661375e-03
0.000000e+00  0.000000e+00  0.000000e+00  4.976319e-01  4.268420e-01  4.886718e-02  7.476421e+00  8.123300e+04  3.574000e+04  4.900600e+04  2.506818e-03  9.930454e-01  1.000000e+00  2.506818e-03
0.000000e+00  0.000000e+00  0.000000e+00  4.982305e-01  4.268420e-01  4.886718e-02  7.476421e+00  4.385600e+04  1.066100e+04  4.156400e+04  3.030316e-03  9.930385e-01  1.000000e+00  3.030316e-03
0.000000e+00  0.000000e+00  0.000000e+00  4.986394e-01  4.268420e-01  4.886718e-02  7.476421e+00  2.025000e+04  3.238000e+04  7.292400e+04  3.387681e-03  9.930337e-01  1.000000e+00  3.387681e-03
0.000000e+00  0.000000e+00  0.000000e+00  4.978090e-01  4.268420e-01  4.886718e-02  7.476421e+00  8.667200e+04  5.908300e+04  6.081200e+04  2.661742e-03  9.930434e-01  1.000000e+00  2.661742e-03
0.000000e+00  0.000000e+00  0.000000e+00  4.981300e-01  4.268420e-01  4.886718e-02  7.476421e+00  5.158400e+04  2.832200e+04  1.071000e+04  NaN  NaN  NaN  NaN

0.000000e+00  0.000000e+00  0.000000e+00  4.976827e-01  4.268420e-01  4.886718e-02  7.476421e+00  8.330000e+02  7.851800e+04  2.458700e+04  NaN  NaN  NaN  NaN
