4.314138e-04  1.079427e-04  5.011179e-02  1.321429e+00  4.268420e-01  4.886718e-02  7.476421e+00  7.868372e+06  1.194447e+02  9.615143e-05  6.383500e+04  5.194700e+04  1.397900e+04  6.508800e+04  3.018400e+04  7.101100e+04  1.926208e-01  2.147147e+00  1.904976e+00  1.414915e+00
4.314138e-04  1.079427e-04  5.011179e-02  1.321429e+00  4.268420e-01  4.886718e-02  7.476421e+00  7.725378e+06  8.395617e+02  9.708496e-05  3.241200e+04  7.850000e+02  9.383100e+04  9.400800e+04  3.231400e+04  3.569500e+04  2.113345e-01  2.877857e+00  2.565710e+00  1.884967e+00
4.314138e-04  1.079427e-04  5.011179e-02  1.321429e+00  4.268420e-01  4.886718e-02  7.476421e+00  1.063937e+07  9.090362e+02  9.931055e-05  9.730100e+04  7.104400e+04  3.614100e+04  2.934100e+04  1.558400e+04  3.421100e+04  2.036473e-01  1.558332e+00  1.021401e+00  9.277935e-01
4.314138e-04  1.079427e-04  5.011179e-02  1.321429e+00  4.268420e-01  4.886718e-02  7.476421e+00  8.041225e+06  6.173881e+02  1.275759e-04  1.348600e+04  6.743900e+04  9.301400e+04  5.331700e+04  1.149700e+04  6.539700e+04  1.886932e-01  8.685386e-01  4.632138e-01  5.068152e-01
4.314138e-04  1.079427e-04  5.011179e-02  1.321429e+00  4.268420e-01  4.886718e-02  7.476421e+00  8.164156e+06  1.050156e+02  1.158294e-04  7.996000e+04  6.656000e+04  6.523100e+04  9.806900e+04  9.821300e+04  3.510700e+04  1.976644e-01  2.451696e+00  2.383812e+00  1.677724e+00
4.314138e-04  1.079427e-04  5.011179e-02  1.321429e+00  4.268420e-01  4.886718e-02  7.476421e+00  7.766996e+06  3.833811e+02  5.761082e-05  5.249700e+04  8.898600e+04  7.909000e+04  2.693600e+04  4.063900e+04  9.835600e+04  1.891256e-01  2.183401e+00  2.151533e+00  1.508020e+00
4.314138e-04  1.079427e-04  5.011179e-02  1.321429e+00  4.268420e-01  4.886718e-02  7.476421e+00  6.870890e+06  7.443682e+02  9.736189e-05  8.972300e+04  3.187400e+04  3.414200e+04  6.595600e+04  9.603600e+04  2.081200e+04  2.058725e-01  1.960625e+00  1.374965e+00  1.180487e+00
4.314138e-04  1.079427e-04  5.011179e-02  1.321429e+00  4.268420e-01  4.886718e-02  7.476421e+00  1.052800e+07  5.389395e+02  5.929590e-05  4.118000e+04  1.020000e+04  1.454200e+04  6.426500e+04  3.249900e+04  8.229200e+04  1.625777e-01  3.702113e-01  2.732832e-01  2.686907e-01
4.314138e-04  1.079427e-04  5.011179e-02  1.321429e+00  4.268420e-01  4.886718e-02  7.476421e+00  5.781881e+06  7.985345e+02  1.350020e-04  6.759600e+04  8.795800e+04  9.114100e+04  8.411500e+04  3.167400e+04  2.194300e+04  1.998429e-01  2.549778e+00  2.656633e+00  1.802085e+00
4.314138e-04  1.079427e-04  5.011179e-02  1.321429e+00  4.268420e-01  4.886718e-02  7.476421e+00  1.487957e+07  6.490585e+01  7.739732e-05  4.432300e+04  6.220000e+04  9.799900e+04  4.841500e+04  3.782000e+03  1.526600e+04  2.002415e-01  2.610098e+00  3.459015e+00  2.089785e+00
4.314138e-04  1.079427e-04  5.011179e-02  1.321429e+00  4.268420e-01  4.886718e-02  7.476421e+00  5.631867e+06  8.938387e+02  1.196589e-04  4.100000e+04  5.992600e+04  4.760400e+04  8.267200e+04  3.874900e+04  7.266000e+04  2.030537e-01  1.615964e+00  1.657487e+00  1.158835e+00
4.314138e-04  1.079427e-04  5.011179e-02  1.321429e+00  4.268420e-01  4.886718e-02  7.476421e+00  5.534631e+06  4.107380e+02  1.023513e-04  9.986900e+04  8.445900e+04  9.079100e+04  9.819000e+03  7.662400e+04  9.653600e+04  2.012540e-01  2.011875e+00  2.058683e+00  1.423937e+00
4.314138e-04  1.079427e-04  5.011179e-02  1.321429e+00  4.268420e-01  4.886718e-02  7.476421e+00  1.497310e+07  3.029016e+02  1.446844e-04  2.389100e+04  7.246900e+04  3.819500e+04  1.527200e+04  4.316500e+04  8.672500e+04  1.806387e-01  8.837904e-01  6.049682e-01  5.564658e-01
4.314138e-04  1.079427e-04  5.011179e-02  1.321429e+00  4.268420e-01  4.886718e-02  7.476421e+00  1.138847e+07  5.543995e+02  6.878965e-05  7.303000e+04  8.608200e+04  2.904100e+04  2.788500e+04  3.592800e+04  5.984200e+04  1.802168e-01  5.227587e-01  1.490546e-01  2.840100e-01
4.314138e-04  1.079427e-04  5.011179e-02  1.321429e+00  4.268420e-01  4.886718e-02  7.476421e+00  1.255084e+07  2.018914e+02  1.427101e-04  2.204600e+04  8.954700e+04  6.222300e+04  4.530000e+04  2.327800e+04  9.275300e+04  2.050842e-01  6.450453e-01  3.987454e-01  4.162917e-01
4.314138e-04  1.079427e-04  5.011179e-02  1.321429e+00  4.268420e-01  4.886718e-02  7.476421e+00  8.761843e+06  9.126701e+01  1.017762e-04  4.932200e+04  8.809700e+04  3.993500e+04  3.137700e+04  3.073300e+04  6.538200e+04  2.202614e-01  3.890109e+00  4.254793e+00  2.788388e+00
4.314138e-04  1.079427e-04  5.011179e-02  1.321429e+00  4.268420e-01  4.886718e-02  7.476421e+00  1.411856e+07  4.838613e+02  5.421137e-05  1.855700e+04  9.495300e+04  2.638900e+04  1.577600e+04  4.784100e+04  2.994000e+04  1.919622e-01  7.609421e-01  3.090537e-01  4.206527e-01
4.314138e-04  1.079427e-04  5.011179e-02  1.321429e+00  4.268420e-01  4.886718e-02  7.476421e+00  1.091458e+07  3.191481e+02  8.529745e-05  7.850400e+04  6.413600e+04  3.278800e+04  3.124000e+04  6.071600e+04  2.231600e+04  1.906504e-01  1.769814e+00  1.352002e+00  1.104155e+00
4.314138e-04  1.079427e-04  5.011179e-02  1.321429e+00  4.268420e-01  4.886718e-02  7.476421e+00  1.355723e+07  4.069212e+02  1.171199e-04  1.446200e+04  7.644400e+04  2.470800e+04  3.523200e+04  2.295000e+04  4.470100e+04  1.919739e-01  1.612128e+00  1.334953e+00  1.046352e+00
4.314138e-04  1.079427e-04  5.011179e-02  1.321429e+00  4.268420e-01  4.886718e-02  7.476421e+00  6.612175e+06  2.135061e+02  1.124746e-04  6.814800e+04  8.328600e+04  7.620000e+04  3.300800e+04  8.738400e+04  4.917400e+04  1.889790e-01  1.149933e+00  7.294467e-01  6.894527e-01
4.314138e-04  1.079427e-04  5.011179e-02  1.321429e+00  4.268420e-01  4.886718e-02  7.476421e+00  1.307468e+07  4.792059e+02  9.994543e-05  6.667000e+03  1.895900e+04  7.307400e+04  1.504000e+04  1.216800e+04  9.459800e+04  1.887046e-01  2.175996e+00  2.089761e+00  1.484820e+00
4.314138e-04  1.079427e-04  5.011179e-02  1.321429e+00  4.268420e-01  4.886718e-02  7.476421e+00  5.764043e+06  6.031611e+02  1.001309e-04  8.676100e+04  1.388500e+04  2.842500e+04  4.686600e+04  8.276000e+03  1.702200e+04  2.299872e-01  5.799477e+00  6.461099e+01  2.354682e+01
4.314138e-04  1.079427e-04  5.011179e-02  1.321429e+00  4.268420e-01  4.886718e-02  7.476421e+00  1.322358e+07  7.444233e+02  8.641537e-05  6.733800e+04  2.778600e+04  2.873500e+04  9.899500e+04  1.468400e+04  7.526000e+03  2.074294e-01  3.625626e+00  2.831285e+00  2.221447e+00
4.314138e-04  1.079427e-04  5.011179e-02  1.321429e+00  4.268420e-01  4.886718e-02  7.476421e+00  9.867462e+06  8.244435e+02  1.197615e-04  8.460000e+03  1.876100e+04  1.700100e+04  3.007100e+04  8.125200e+04  8.027400e+04  2.014863e-01  1.693080e+00  1.676698e+00  1.190421e+00
4.314138e-04  1.079427e-04  5.011179e-02  1.321429e+00  4.268420e-01  4.886718e-02  7.476421e+00  6.626627e+06  2.425657e+02  1.408429e-04  8.356000e+03  6.431800e+04  5.963800e+04  8.854500e+04  8.471700e+04  8.467300e+04  1.762081e-01  1.149456e+00  6.205232e-01  6.487291e-01
4.314138e-04  1.079427e-04  5.011179e-02  1.321429e+00  4.268420e-01  4.886718e-02  7.476421e+00  1.074998e+07  4.228777e+02  1.403855e-04  9.710900e+04  6.937700e+04  7.285100e+04  1.363600e+04  6.309100e+04  4.941000e+04  2.078929e-01  2.940910e+00  2.460454e+00  1.869752e+00
4.314138e-04  1.079427e-04  5.011179e-02  1.321429e+00  4.268420e-01  4.886718e-02  7.476421e+00  1.136440e+07  2.715817e+01  1.313446e-04  1.987000e+03  9.967300e+04  2.031000e+03  3.689800e+04  7.397300e+04  2.437100e+04  2.096064e-01  2.224843e+00  3.087110e+00  1.840520e+00
4.314138e-04  1.079427e-04  5.011179e-02  1.321429e+00  4.268420e-01  4.886718e-02  7.476421e+00  1.435093e+07  3.418918e+02  6.119699e-05  5.162800e+04  4.726400e+04  9.843100e+04  4.295900e+04  1.125300e+04  5.493900e+04  1.790716e-01  7.644090e-01  4.801413e-01  4.745406e-01
4.314138e-04  1.079427e-04  5.011179e-02  1.321429e+00  4.268420e-01  4.886718e-02  7.476421e+00  6.826070e+06  5.382774e+02  1.372516e-04  7.122500e+04  5.486200e+04  9.691900e+04  6.112900e+04  6.341000e+04  9.087200e+04  1.892745e-01  1.242684e+00  8.380567e-01  7.566717e-01
4.314138e-04  1.079427e-04  5.011179e-02  1.321429e+00  4.268420e-01  4.886718e-02  7.476421e+00  6.029374e+06  4.882109e+02  1.439994e-04  1.661100e+04  9.682700e+04  3.347100e+04  6.418000e+03  2.120100e+04  1.990100e+04  1.671007e-01  9.054422e-02  3.766226e-01  2.114225e-01
4.314138e-04  1.079427e-04  5.011179e-02  1.321429e+00  4.268420e-01  4.886718e-02  7.476421e+00  1.161814e+07  8.063678e+02  1.078498e-04  8.841500e+04  4.009500e+04  8.604100e+04  1.019900e+04  7.035100e+04  7.027900e+04  1.954538e-01  7.358976e-01  2.570359e-01  3.961291e-01
4.314138e-04  1.079427e-04  5.011179e-02  1.321429e+00  4.268420e-01  4.886718e-02  7.476421e+00  1.298198e+07  5.746722e+02  9.463340e-05  4.597500e+04  2.229500e+04  4.260000e+02  6.155700e+04  2.889800e+04  4.586000e+03  1.834554e-01  8.880577e-01  5.311344e-01  5.342159e-01
4.314138e-04  1.079427e-04  5.011179e-02  1.321429e+00  4.268420e-01  4.886718e-02  7.476421e+00  8.857329e+06  9.819916e+02  1.394340e-04  7.505700e+04  8.740000e+02  5.712200e+04  4.986000e+04  2.656300e+04  4.141200e+04  1.968445e-01  1.532571e+00  1.229811e+00  9.864088e-01
4.314138e-04  1.079427e-04  5.011179e-02  1.321429e+00  4.268420e-01  4.886718e-02  7.476421e+00  5.017281e+06  9.713234e+02  1.159164e-04  5.200700e+04  3.814000e+04  3.593400e+04  5.298400e+04  1.389900e+04  7.508000e+04  1.987781e-01  1.158894e+00  4.595693e-01  6.057473e-01
4.314138e-04  1.079427e-04  5.011179e-02  1.321429e+00  4.268420e-01  4.886718e-02  7.476421e+00  1.061057e+07  4.193526e+02  7.004488e-05  7.923600e+04  4.414100e+04  3.496300e+04  8.647900e+04  6.810100e+04  2.674300e+04  2.002651e-01  4.203143e-01  5.346695e-02  2.246821e-01
4.314138e-04  1.079427e-04  5.011179e-02  1.321429e+00  4.268420e-01  4.886718e-02  7.476421e+00  1.429117e+07  4.531647e+02  1.343147e-04  8.205300e+04  7.528200e+04  6.330900e+04  8.810200e+04  1.639100e+04  3.940400e+04  1.986118e-01  1.901955e+00  1.591847e+00  1.230805e+00
4.314138e-04  1.079427e-04  5.011179e-02  1.321429e+00  4.268420e-01  4.886718e-02  7.476421e+00  1.413948e+07  8.222728e+02  6.466801e-05  4.732000e+04  5.052400e+04  4.667100e+04  7.484200e+04  2.365900e+04  1.399800e+04  1.868338e-01  2.105028e+00  1.884477e+00  1.392113e+00
4.314138e-04  1.079427e-04  5.011179e-02  1.321429e+00  4.268420e-01  4.886718e-02  7.476421e+00  1.313820e+07  3.813286e+02  1.408165e-04  3.114000e+04  6.903000e+04  5.604700e+04  8.749800e+04  1.518000e+04  1.626700e+04  1.890581e-01  1.188766e+00  9.779673e-01  7.852637e-01
4.314138e-04  1.079427e-04  5.011179e-02  1.321429e+00  4.268420e-01  4.886718e-02  7.476421e+00  8.472153e+06  7.511575e+02  6.536837e-05  7.409100e+04  5.068600e+04  7.620200e+04  9.808500e+04  1.691400e+04  9.797400e+04  1.998922e-01  7.140734e-01  3.777915e-01  4.305857e-01
4.314138e-04  1.079427e-04  5.011179e-02  1.321429e+00  4.268420e-01  4.886718e-02  7.476421e+00  7.805294e+06  3.677058e+01  8.406478e-05  2.207200e+04  6.234800e+04  3.760800e+04  8.992000e+03  3.470000e+02  3.619300e+04  1.876586e-01  2.013721e+00  1.719373e+00  1.306918e+00
4.314138e-04  1.079427e-04  5.011179e-02  1.321429e+00  4.268420e-01  4.886718e-02  7.476421e+00  1.049271e+07  2.332273e+01  1.247307e-04  1.984700e+04  2.509300e+04  5.438100e+04  7.482000e+03  9.900400e+04  7.051700e+04  2.112176e-01  2.779976e+00  5.219747e+00  2.736980e+00
4.314138e-04  1.079427e-04  5.011179e-02  1.321429e+00  4.268420e-01  4.886718e-02  7.476421e+00  8.248571e+06  8.599358e+02  1.407331e-04  8.957800e+04  5.449300e+04  8.134100e+04  6.481500e+04  4.037200e+04  5.935200e+04  1.943993e-01  1.784208e+00  1.328300e+00  1.102302e+00
4.314138e-04  1.079427e-04  5.011179e-02  1.321429e+00  4.268420e-01  4.886718e-02  7.476421e+00  1.394538e+07  2.311228e+02  1.124482e-04  6.372100e+04  5.472400e+04  1.588500e+04  1.870300e+04  7.623100e+04  5.306400e+04  2.248536e-01  3.009941e+00  3.052442e+00  2.095745e+00
4.314138e-04  1.079427e-04  5.011179e-02  1.321429e+00  4.268420e-01  4.886718e-02  7.476421e+00  6.813531e+06  1.319982e+02  7.098916e-05  8.969400e+04  6.453900e+04  7.395000e+03  7.697000e+04  4.916500e+04  7.206000e+04  1.866177e-01  1.344250e+00  1.360587e+00  9.638181e-01
4.314138e-04  1.079427e-04  5.011179e-02  1.321429e+00  4.268420e-01  4.886718e-02  7.476421e+00  5.219219e+06  7.933583e+02  5.169781e-05  1.747700e+04  7.349100e+04  8.326600e+04  6.173000e+03  1.292200e+04  8.172300e+04  1.847547e-01  1.384432e+00  1.627070e+00  1.065419e+00
4.314138e-04  1.079427e-04  5.011179e-02  1.321429e+00  4.268420e-01  4.886718e-02  7.476421e+00  1.356396e+07  3.502003e+02  8.796854e-05  5.668500e+04  2.167000e+04  3.828000e+03  4.478800e+04  5.180000e+04  5.183200e+04  2.074380e-01  2.246719e+00  2.013301e+00  1.489153e+00
4.314138e-04  1.079427e-04  5.011179e-02  1.321429e+00  4.268420e-01  4.886718e-02  7.476421e+00  9.021266e+06  5.389561e+02  8.539775e-05  8.373900e+04  4.161500e+04  3.667000e+03  1.532600e+04  2.124000e+03  1.316100e+04  1.878158e-01  2.075364e+00  1.891030e+00  1.384736e+00
4.314138e-04  1.079427e-04  5.011179e-02  1.321429e+00  4.268420e-01  4.886718e-02  7.476421e+00  1.233984e+07  1.758952e+02  1.088300e-04  2.600200e+04  6.854200e+04  8.875700e+04  9.783200e+04  7.914500e+04  4.001100e+04  1.849938e-01  3.298189e-01  1.415148e-01  2.187758e-01
4.314138e-04  1.079427e-04  5.011179e-02  1.321429e+00  4.268420e-01  4.886718e-02  7.476421e+00  1.107082e+07  1.215333e+01  9.148518e-05  6.248400e+04  7.082600e+04  3.145000e+04  8.558500e+04  2.309800e+04  9.444100e+04  2.208250e-01  2.804065e+00  2.835340e+00  1.953410e+00
4.314138e-04  1.079427e-04  5.011179e-02  1.321429e+00  4.268420e-01  4.886718e-02  7.476421e+00  8.501062e+06  4.856596e+02  5.260193e-05  6.486400e+04  3.213700e+04  2.112100e+04  9.728600e+04  7.751200e+04  1.119300e+04  1.914478e-01  2.306789e+00  2.188594e+00  1.562277e+00
4.314138e-04  1.079427e-04  5.011179e-02  1.321429e+00  4.268420e-01  4.886718e-02  7.476421e+00  1.134955e+07  5.459135e+02  6.704333e-05  5.416100e+04  9.066800e+04  4.786000e+03  4.557600e+04  3.591700e+04  9.256500e+04  1.974186e-01  3.006848e+00  2.971417e+00  2.058561e+00
4.314138e-04  1.079427e-04  5.011179e-02  1.321429e+00  4.268420e-01  4.886718e-02  7.476421e+00  1.055226e+07  5.434252e+02  6.017979e-05  9.027600e+04  1.462600e+04  5.422100e+04  4.155100e+04  1.640600e+04  9.603500e+04  2.073453e-01  1.963843e+00  1.585532e+00  1.252240e+00
4.314138e-04  1.079427e-04  5.011179e-02  1.321429e+00  4.268420e-01  4.886718e-02  7.476421e+00  1.064872e+07  5.478048e+02  6.628214e-05  2.390000e+02  8.645000e+04  9.658200e+04  9.120800e+04  4.973400e+04  4.071100e+04  1.930896e-01  1.977297e+00  1.414131e+00  1.194839e+00
4.314138e-04  1.079427e-04  5.011179e-02  1.321429e+00  4.268420e-01  4.886718e-02  7.476421e+00  1.025185e+07  5.439581e+02  7.002757e-05  4.818500e+04  8.299500e+04  7.195500e+04  6.705400e+04  4.628700e+04  5.391600e+04  2.026974e-01  1.801599e+00  1.252262e+00  1.085520e+00
4.314138e-04  1.079427e-04  5.011179e-02  1.321429e+00  4.268420e-01  4.886718e-02  7.476421e+00  1.028836e+07  5.469263e+02  6.882999e-05  5.165700e+04  6.522200e+04  7.317000e+04  6.055900e+04  5.319000e+04  4.264800e+04  2.112112e-01  2.925894e+00  2.954307e+00  2.030471e+00
4.314138e-04  1.079427e-04  5.011179e-02  1.321429e+00  4.268420e-01  4.886718e-02  7.476421e+00  9.691990e+06  5.415269e+02  6.821036e-05  5.686200e+04  2.789700e+04  1.717200e+04  9.490300e+04  8.327900e+04  2.785500e+04  2.102387e-01  2.153950e+00  2.097641e+00  1.487277e+00
4.314138e-04  1.079427e-04  5.011179e-02  1.321429e+00  4.268420e-01  4.886718e-02  7.476421e+00  1.003819e+07  5.401969e+02  5.948291e-05  3.496200e+04  9.563900e+04  1.104200e+04  7.753800e+04  7.591000e+03  9.253000e+04  2.174845e-01  3.205265e+00  3.239390e+00  2.220713e+00
4.314138e-04  1.079427e-04  5.011179e-02  1.321429e+00  4.268420e-01  4.886718e-02  7.476421e+00  1.041299e+07  5.441688e+02  7.155843e-05  7.666000e+03  7.389600e+04  5.850600e+04  4.715800e+04  5.590800e+04  8.557900e+04  1.878791e-01  1.560176e+00  1.582639e+00  1.110231e+00
4.314138e-04  1.079427e-04  5.011179e-02  1.321429e+00  4.268420e-01  4.886718e-02  7.476421e+00  1.008813e+07  5.420861e+02  6.473652e-05  5.269500e+04  7.635500e+04  2.491400e+04  5.952600e+04  5.602500e+04  9.532000e+04  1.890425e-01  1.818439e+00  1.726162e+00  1.244548e+00
4.314138e-04  1.079427e-04  5.011179e-02  1.321429e+00  4.268420e-01  4.886718e-02  7.476421e+00  1.005378e+07  5.388559e+02  7.085098e-05  2.025000e+04  3.238000e+04  7.292400e+04  4.527000e+04  9.387700e+04  7.167300e+04  2.013622e-01  2.305404e+00  1.939533e+00  1.482100e+00
4.314138e-04  1.079427e-04  5.011179e-02  1.321429e+00  4.268420e-01  4.886718e-02  7.476421e+00  7.120624e+06  4.962585e+02  1.378392e-04  4.385600e+04  1.066100e+04  4.156400e+04  9.603600e+04  6.803400e+04  8.330000e+02  2.277615e-01  3.642822e+00  2.888683e+00  2.253089e+00
4.314138e-04  1.079427e-04  5.011179e-02  1.321429e+00  4.268420e-01  4.886718e-02  7.476421e+00  5.642356e+06  4.873868e+02  1.470301e-04  1.876600e+04  4.231500e+04  3.196200e+04  3.946000e+03  7.552100e+04  9.130400e+04  1.870473e-01  3.419749e-01  1.018521e-01  2.102914e-01
4.314138e-04  1.079427e-04  5.011179e-02  1.321429e+00  4.268420e-01  4.886718e-02  7.476421e+00  1.169101e+07  6.408181e+02  5.730579e-05  3.215600e+04  2.496500e+04  2.260900e+04  6.436000e+03  8.036300e+04  4.599200e+04  2.050586e-01  2.701368e+00  3.042919e+00  1.983115e+00
4.314138e-04  1.079427e-04  5.011179e-02  1.321429e+00  4.268420e-01  4.886718e-02  7.476421e+00  9.457591e+06  6.589361e+02  1.432157e-04  8.667200e+04  5.908300e+04  6.081200e+04  9.731700e+04  2.427000e+04  1.602800e+04  1.790003e-01  6.300618e-01  1.138212e-01  3.076278e-01
4.314138e-04  1.079427e-04  5.011179e-02  1.321429e+00  4.268420e-01  4.886718e-02  7.476421e+00  8.191257e+06  5.881791e+02  1.498617e-04  9.180000e+02  7.791200e+04  5.893000e+04  6.775900e+04  3.032300e+04  4.129700e+04  1.889273e-01  9.509057e-01  5.717049e-01  5.705126e-01
4.314138e-04  1.079427e-04  5.011179e-02  1.321429e+00  4.268420e-01  4.886718e-02  7.476421e+00  1.004645e+07  2.315664e+02  1.295353e-04  9.738400e+04  4.645000e+04  6.804200e+04  9.249200e+04  3.316400e+04  4.786200e+04  1.898455e-01  1.725180e+00  1.500082e+00  1.138369e+00
4.314138e-04  1.079427e-04  5.011179e-02  1.321429e+00  4.268420e-01  4.886718e-02  7.476421e+00  1.032643e+07  5.990925e+02  1.189000e-04  8.123300e+04  3.574000e+04  4.900600e+04  1.340100e+04  5.593500e+04  5.158400e+04  1.660935e-01  1.390007e+00  8.817755e-01  8.126254e-01
4.314138e-04  1.079427e-04  5.011179e-02  1.321429e+00  4.268420e-01  4.886718e-02  7.476421e+00  9.851024e+06  7.112995e+02  1.097160e-04  7.360900e+04  2.078600e+04  3.106200e+04  5.992500e+04  7.983100e+04  8.701900e+04  1.907303e-01  9.491246e-01  3.008620e+00  1.382825e+00
4.314138e-04  1.079427e-04  5.011179e-02  1.321429e+00  4.268420e-01  4.886718e-02  7.476421e+00  1.237185e+07  4.045375e+02  5.030114e-05  5.810500e+04  3.045100e+04  6.214600e+04  4.863200e+04  7.436600e+04  5.365300e+04  1.910747e-01  2.511556e+00  2.733094e+00  1.811908e+00
4.314138e-04  1.079427e-04  5.011179e-02  1.321429e+00  4.268420e-01  4.886718e-02  7.476421e+00  5.021705e+06  3.523050e+02  1.356577e-04  7.667500e+04  4.141600e+04  2.781200e+04  5.710900e+04  1.082300e+04  5.945600e+04  2.017183e-01  1.133409e+00  8.119775e-01  7.157015e-01
4.314138e-04  1.079427e-04  5.011179e-02  1.321429e+00  4.268420e-01  4.886718e-02  7.476421e+00  1.016755e+07  6.102980e+02  1.341130e-04  8.686700e+04  4.433800e+04  7.497400e+04  9.271400e+04  4.727000e+04  4.295300e+04  1.866815e-01  1.085222e+00  5.840791e-01  6.186608e-01
4.314138e-04  1.079427e-04  5.011179e-02  1.321429e+00  4.268420e-01  4.886718e-02  7.476421e+00  5.607394e+06  5.919004e+02  1.497340e-04  6.136100e+04  1.997400e+04  2.253900e+04  1.024200e+04  5.214800e+04  1.710900e+04  1.880665e-01  4.209596e-01  2.196938e-01  2.762400e-01
4.314138e-04  1.079427e-04  5.011179e-02  1.321429e+00  4.268420e-01  4.886718e-02  7.476421e+00  9.838580e+06  4.636645e+02  8.503336e-05  2.620000e+02  2.957700e+04  9.672900e+04  6.496200e+04  6.314900e+04  4.165000e+03  1.870419e-01  6.973468e-01  2.961183e-01  3.935023e-01
4.314138e-04  1.079427e-04  5.011179e-02  1.321429e+00  4.268420e-01  4.886718e-02  7.476421e+00  1.317847e+07  6.837538e+02  1.246632e-04  9.913500e+04  1.200200e+04  2.191200e+04  3.440400e+04  6.250000e+04  6.421700e+04  1.952115e-01  8.384215e-01  5.002468e-01  5.112933e-01
4.314138e-04  1.079427e-04  5.011179e-02  1.321429e+00  4.268420e-01  4.886718e-02  7.476421e+00  9.675533e+06  3.826305e+02  5.165664e-05  2.539900e+04  2.061000e+04  3.581800e+04  3.330000e+04  9.626000e+04  1.092100e+04  1.942570e-01  1.705409e+00  1.666209e+00  1.188625e+00
4.314138e-04  1.079427e-04  5.011179e-02  1.321429e+00  4.268420e-01  4.886718e-02  7.476421e+00  5.084263e+06  3.000421e+02  9.718449e-05  4.198100e+04  1.548500e+04  1.852900e+04  2.628500e+04  9.502800e+04  3.250700e+04  1.947191e-01  1.345243e+00  1.257752e+00  9.325712e-01
4.314138e-04  1.079427e-04  5.011179e-02  1.321429e+00  4.268420e-01  4.886718e-02  7.476421e+00  1.325624e+07  8.965344e+02  1.234077e-04  7.994800e+04  2.858300e+04  3.904800e+04  3.989700e+04  8.705500e+04  9.450900e+04  1.737647e-01  5.974935e-01  2.077780e-01  3.263454e-01
4.314138e-04  1.079427e-04  5.011179e-02  1.321429e+00  4.268420e-01  4.886718e-02  7.476421e+00  9.043231e+06  8.453291e+02  5.037864e-05  6.107800e+04  2.357100e+04  4.151600e+04  5.280000e+02  8.577500e+04  1.209000e+04  2.042979e-01  2.317554e+00  1.954067e+00  1.491973e+00
4.314138e-04  1.079427e-04  5.011179e-02  1.321429e+00  4.268420e-01  4.886718e-02  7.476421e+00  1.455032e+07  5.951624e+02  1.165690e-04  6.059500e+04  4.829500e+04  7.230000e+02  4.093300e+04  1.598900e+04  6.021100e+04  1.987613e-01  2.523646e+00  2.572622e+00  1.765010e+00
4.314138e-04  1.079427e-04  5.011179e-02  1.321429e+00  4.268420e-01  4.886718e-02  7.476421e+00  1.245946e+07  5.263953e+02  8.369013e-05  1.169000e+04  4.635400e+04  4.972700e+04  5.648700e+04  9.413000e+03  8.721800e+04  1.961492e-01  2.116806e+00  1.704260e+00  1.339072e+00
4.314138e-04  1.079427e-04  5.011179e-02  1.321429e+00  4.268420e-01  4.886718e-02  7.476421e+00  1.151757e+07  9.997575e+02  1.157816e-04  4.248800e+04  3.039200e+04  4.291200e+04  2.477600e+04  5.583800e+04  6.849700e+04  2.560726e-01  5.743059e+00  3.784036e+00  3.261056e+00
4.314138e-04  1.079427e-04  5.011179e-02  1.321429e+00  4.268420e-01  4.886718e-02  7.476421e+00  1.493613e+07  5.934216e+02  7.952532e-05  1.925200e+04  3.060400e+04  2.356900e+04  2.113900e+04  8.137000e+04  4.017100e+04  1.802598e-01  4.941798e-01  3.825569e-02  2.375651e-01
4.314138e-04  1.079427e-04  5.011179e-02  1.321429e+00  4.268420e-01  4.886718e-02  7.476421e+00  5.627916e+06  9.960608e+02  1.495216e-04  6.181700e+04  2.205400e+04  8.142300e+04  9.984200e+04  3.529400e+04  2.557000e+04  2.182085e-01  3.523490e+00  3.374438e+00  2.372046e+00
4.314138e-04  1.079427e-04  5.011179e-02  1.321429e+00  4.268420e-01  4.886718e-02  7.476421e+00  1.460922e+07  9.407163e+02  9.467616e-05  4.443300e+04  1.707400e+04  6.446500e+04  3.896300e+04  2.516000e+04  4.485500e+04  2.074107e-01  3.007188e+00  3.199147e+00  2.137915e+00
4.314138e-04  1.079427e-04  5.011179e-02  1.321429e+00  4.268420e-01  4.886718e-02  7.476421e+00  1.342843e+07  7.960889e+02  1.366881e-04  3.332700e+04  4.064000e+03  9.692900e+04  4.298100e+04  8.081200e+04  2.965900e+04  1.682243e-01  2.846717e-02  3.954332e-01  1.973749e-01
4.314138e-04  1.079427e-04  5.011179e-02  1.321429e+00  4.268420e-01  4.886718e-02  7.476421e+00  1.433143e+07  1.132128e+02  1.498781e-04  7.862000e+04  5.325300e+04  6.415100e+04  4.846700e+04  6.417200e+04  9.064800e+04  1.721237e-01  5.793072e-02  4.418037e-01  2.239527e-01
4.314138e-04  1.079427e-04  5.011179e-02  1.321429e+00  4.268420e-01  4.886718e-02  7.476421e+00  1.497772e+07  5.688828e+02  5.241172e-05  1.875800e+04  4.181100e+04  5.665800e+04  2.307000e+04  6.315100e+04  8.253800e+04  1.909668e-01  9.715995e-01  5.071244e-01  5.565636e-01
4.314138e-04  1.079427e-04  5.011179e-02  1.321429e+00  4.268420e-01  4.886718e-02  7.476421e+00  7.538307e+06  6.674214e+02  1.478439e-04  2.191500e+04  6.926800e+04  7.374000e+04  7.771300e+04  3.142000e+04  9.444200e+04  1.928679e-01  1.063265e+00  6.884369e-01  6.481900e-01
4.314138e-04  1.079427e-04  5.011179e-02  1.321429e+00  4.268420e-01  4.886718e-02  7.476421e+00  1.176530e+07  8.591383e+02  1.498399e-04  9.170000e+03  3.835000e+04  3.658700e+04  1.334900e+04  4.176100e+04  2.460000e+02  1.872282e-01  2.094478e+00  1.591847e+00  1.291184e+00
4.314138e-04  1.079427e-04  5.011179e-02  1.321429e+00  4.268420e-01  4.886718e-02  7.476421e+00  1.493024e+07  8.752964e+02  1.467781e-04  8.820900e+04  3.547400e+04  9.082000e+04  7.346600e+04  3.531700e+04  5.366300e+04  1.870067e-01  1.818007e+00  1.255982e+00  1.086998e+00
4.314138e-04  1.079427e-04  5.011179e-02  1.321429e+00  4.268420e-01  4.886718e-02  7.476421e+00  1.361890e+07  1.129257e+02  1.258921e-04  6.277500e+04  4.804100e+04  3.019400e+04  5.403500e+04  9.763400e+04  8.086600e+04  2.098702e-01  3.033060e+00  4.097535e+00  2.446822e+00
4.314138e-04  1.079427e-04  5.011179e-02  1.321429e+00  4.268420e-01  4.886718e-02  7.476421e+00  7.808876e+06  3.319527e+02  1.027408e-04  4.525800e+04  8.111800e+04  2.123100e+04  2.845400e+04  6.937700e+04  8.267400e+04  1.869616e-01  9.100674e-01  2.608146e+00  1.235058e+00
4.314138e-04  1.079427e-04  5.011179e-02  1.321429e+00  4.268420e-01  4.886718e-02  7.476421e+00  1.478800e+07  8.100383e+02  1.183097e-04  8.920900e+04  3.552500e+04  1.237200e+04  4.644900e+04  5.284300e+04  5.895700e+04  2.104541e-01  2.991120e+00  3.152281e+00  2.117952e+00
4.314138e-04  1.079427e-04  5.011179e-02  1.321429e+00  4.268420e-01  4.886718e-02  7.476421e+00  5.005240e+06  1.319053e+02  1.366042e-04  7.969000e+04  4.144000e+03  3.638000e+04  3.044800e+04  3.400900e+04  7.966000e+04  1.969875e-01  2.000049e+00  2.152690e+00  1.449909e+00
4.314138e-04  1.079427e-04  5.011179e-02  1.321429e+00  4.268420e-01  4.886718e-02  7.476421e+00  1.158550e+07  1.895008e+02  7.916470e-05  9.242600e+04  1.147500e+04  7.139800e+04  6.463500e+04  4.310700e+04  1.407100e+04  1.780779e-01  6.115268e-01  2.606720e-01  3.500922e-01
4.314138e-04  1.079427e-04  5.011179e-02  1.321429e+00  4.268420e-01  4.886718e-02  7.476421e+00  1.003739e+07  1.339235e+02  1.499233e-04  9.550000e+04  4.988000e+04  1.771700e+04  1.637400e+04  6.409600e+04  9.383500e+04  2.004906e-01  1.994423e+00  1.821827e+00  1.338914e+00
4.314138e-04  1.079427e-04  5.011179e-02  1.321429e+00  4.268420e-01  4.886718e-02  7.476421e+00  1.000243e+07  7.064692e+02  1.306464e-04  1.603900e+04  1.666000e+03  6.523000e+04  2.930800e+04  7.389500e+04  6.753800e+04  1.974459e-01  2.617416e+00  2.626889e+00  1.813917e+00
4.314138e-04  1.079427e-04  5.011179e-02  1.321429e+00  4.268420e-01  4.886718e-02  7.476421e+00  1.329199e+07  7.282869e+02  1.481686e-04  7.345800e+04  5.744200e+04  6.374000e+03  8.333000e+03  6.537900e+04  3.086500e+04  2.070240e-01  2.646223e+00  2.464965e+00  1.772737e+00
4.314138e-04  1.079427e-04  5.011179e-02  1.321429e+00  4.268420e-01  4.886718e-02  7.476421e+00  1.366951e+07  2.241615e+02  5.129049e-05  9.671900e+04  5.672600e+04  1.315400e+04  1.516700e+04  3.541000e+04  5.252700e+04  2.050285e-01  3.114878e+00  3.154826e+00  2.158244e+00
4.314138e-04  1.079427e-04  5.011179e-02  1.321429e+00  4.268420e-01  4.886718e-02  7.476421e+00  1.489814e+07  2.041255e+02  1.498909e-04  9.996400e+04  7.563100e+04  9.593300e+04  6.035400e+04  8.638300e+04  4.689200e+04  2.148745e-01  3.174182e+00  3.508432e+00  2.299163e+00
4.314138e-04  1.079427e-04  5.011179e-02  1.321429e+00  4.268420e-01  4.886718e-02  7.476421e+00  9.729810e+06  1.778129e+02  5.001950e-05  4.586700e+04  3.644700e+04  3.088000e+03  5.597600e+04  7.580000e+04  9.632900e+04  NaN  NaN  NaN  NaN
4.314138e-04  1.079427e-04  5.011179e-02  1.321429e+00  4.268420e-01  4.886718e-02  7.476421e+00  5.000071e+06  9.901007e+02  7.546836e-05  5.098000e+04  9.834700e+04  2.577300e+04  3.586500e+04  2.353200e+04  3.711000e+03  NaN  NaN  NaN  NaN
4.314138e-04  1.079427e-04  5.011179e-02  1.321429e+00  4.268420e-01  4.886718e-02  7.476421e+00  6.435775e+06  5.422769e+02  1.498644e-04  6.305700e+04  2.803700e+04  3.046300e+04  6.939000e+03  2.237400e+04  6.984400e+04  NaN  NaN  NaN  NaN
