3.882394e-03  6.451844e-03  6.814525e-02  3.064332e+00  3.696050e-01  4.371297e-02  7.604454e+00  1.334908e+07  4.662805e+01  9.483808e-05  9.730100e+04  7.104400e+04  3.614100e+04  2.934100e+04  1.558400e+04  3.421100e+04  6.070600e+04  5.348900e+04  4.118000e+04  1.020000e+04  1.454200e+04  6.426500e+04  NaN  NaN  NaN  NaN
1.476963e-02  2.125061e-02  9.123272e-02  1.918079e+00  9.622906e-01  5.401076e-03  9.408568e+00  1.325162e+07  4.173641e+02  9.805991e-05  3.241200e+04  7.850000e+02  9.383100e+04  9.400800e+04  3.231400e+04  3.569500e+04  1.897100e+04  3.684600e+04  5.249700e+04  8.898600e+04  7.909000e+04  2.693600e+04  NaN  NaN  NaN  NaN
9.043158e-03  4.837261e-03  7.570801e-02  1.820454e+00  8.496163e-01  2.364692e-02  4.533505e+00  5.812732e+06  8.393497e+02  1.239534e-04  5.927200e+04  5.706800e+04  4.100000e+04  5.992600e+04  4.760400e+04  8.267200e+04  3.874900e+04  7.266000e+04  8.998400e+04  9.435400e+04  2.204600e+04  8.954700e+04  NaN  NaN  NaN  NaN
2.370878e-02  1.922765e-02  8.868437e-02  2.434887e+00  6.877533e-01  1.626315e-02  6.216311e+00  7.860385e+06  5.420862e+02  1.453552e-04  8.728100e+04  2.005100e+04  9.986900e+04  8.445900e+04  9.079100e+04  9.819000e+03  7.662400e+04  9.653600e+04  9.843300e+04  9.601400e+04  1.855700e+04  9.495300e+04  NaN  NaN  NaN  NaN
5.918232e-03  1.487947e-02  8.012951e-02  2.220713e+00  4.685333e-01  4.196127e-02  8.809574e+00  7.727047e+06  7.455219e+02  8.838449e-05  1.348600e+04  6.743900e+04  9.301400e+04  5.331700e+04  1.149700e+04  6.539700e+04  2.620700e+04  9.624600e+04  8.972300e+04  3.187400e+04  3.414200e+04  6.595600e+04  8.584799e-01  1.107027e+01  6.048136e+01  2.413670e+01
2.989087e-02  2.503442e-02  7.290473e-02  3.686972e+00  2.925100e-01  4.545746e-02  6.753699e+00  1.132604e+07  9.144272e+02  5.909336e-05  6.383500e+04  5.194700e+04  1.397900e+04  6.508800e+04  3.018400e+04  7.101100e+04  4.429100e+04  3.971900e+04  7.996000e+04  6.656000e+04  6.523100e+04  9.806900e+04  2.095252e+00  2.779738e+01  7.496336e+01  3.495200e+01
1.060878e-02  1.443974e-02  5.492975e-02  3.195603e+00  3.234116e-01  8.056914e-03  9.058341e+00  1.031955e+07  2.734038e+01  7.676152e-05  4.784300e+04  8.486300e+04  6.759600e+04  8.795800e+04  9.114100e+04  8.411500e+04  3.167400e+04  2.194300e+04  9.334300e+04  6.938900e+04  7.303000e+04  8.608200e+04  NaN  NaN  NaN  NaN
6.716339e-03  2.432188e-02  5.390837e-02  1.012399e+00  8.844207e-01  2.101802e-02  2.823106e+00  1.298767e+07  8.213310e+01  9.792423e-05  3.592800e+04  5.984200e+04  4.618900e+04  3.692300e+04  7.850400e+04  6.413600e+04  3.278800e+04  3.124000e+04  6.071600e+04  2.231600e+04  1.642400e+04  8.485600e+04  NaN  NaN  NaN  NaN
2.813989e-02  1.480093e-02  6.269555e-02  2.550140e+00  6.260824e-01  3.498031e-03  6.535252e+00  7.370572e+06  4.299398e+02  1.169877e-04  4.784100e+04  2.994000e+04  9.600900e+04  9.145300e+04  8.676100e+04  1.388500e+04  2.842500e+04  4.686600e+04  8.276000e+03  1.702200e+04  5.139800e+04  2.809200e+04  2.384667e+00  3.043287e+01  3.877537e+02  1.401904e+02
1.507209e-02  1.356923e-02  6.765356e-02  4.744919e+00  3.964836e-01  4.778758e-02  1.642245e+00  7.950938e+06  9.664093e+02  9.587816e-05  7.307400e+04  1.504000e+04  1.216800e+04  9.459800e+04  3.693500e+04  3.236100e+04  9.710900e+04  6.937700e+04  7.285100e+04  1.363600e+04  6.309100e+04  4.941000e+04  3.600768e+00  5.924552e+01  2.063586e+01  2.782738e+01
2.221400e-02  2.885099e-02  6.913123e-02  1.793438e+00  2.573713e-01  2.259391e-02  6.651292e+00  5.004545e+06  8.593486e+02  7.289086e-05  2.056000e+03  9.750000e+02  4.432300e+04  6.220000e+04  9.799900e+04  4.841500e+04  3.782000e+03  1.526600e+04  1.986000e+03  7.638500e+04  2.389100e+04  7.246900e+04  2.337856e+00  3.087349e+01  1.544480e+02  6.255313e+01
2.528512e-02  7.927453e-03  7.074965e-02  3.649435e+00  6.932135e-01  2.876058e-03  5.855807e+00  6.851223e+06  8.931453e+02  8.184929e-05  5.963800e+04  8.854500e+04  8.471700e+04  8.467300e+04  7.553800e+04  6.472200e+04  5.162800e+04  4.726400e+04  9.843100e+04  4.295900e+04  1.125300e+04  5.493900e+04  2.740121e+00  3.611226e+01  3.547643e+02  1.312056e+02
1.222793e-02  3.481691e-03  9.500378e-02  4.509529e+00  2.515848e-01  4.643292e-02  8.660633e+00  1.072955e+07  4.598665e+01  5.062441e-05  7.505700e+04  8.740000e+02  5.712200e+04  4.986000e+04  2.656300e+04  4.141200e+04  1.687400e+04  1.708000e+04  8.205300e+04  7.528200e+04  6.330900e+04  8.810200e+04  2.407982e+00  3.498953e+01  7.120800e+01  3.620184e+01
9.757194e-03  8.594805e-03  7.461688e-02  4.272972e+00  7.112646e-01  4.454417e-02  7.173800e+00  1.434809e+07  3.312587e+02  6.039802e-05  1.661100e+04  9.682700e+04  3.347100e+04  6.418000e+03  2.120100e+04  1.990100e+04  7.022500e+04  9.530300e+04  5.200700e+04  3.814000e+04  3.593400e+04  5.298400e+04  8.051530e-01  1.125086e+01  4.006645e+01  1.737416e+01
9.763212e-03  8.846274e-03  9.209231e-02  2.753465e+00  5.197499e-01  1.513421e-02  8.372007e+00  5.877782e+06  8.325463e+01  1.047649e-04  4.316500e+04  8.672500e+04  2.873000e+04  1.776600e+04  4.932200e+04  8.809700e+04  3.993500e+04  3.137700e+04  3.073300e+04  6.538200e+04  3.739700e+04  2.539400e+04  1.744531e+00  2.351747e+01  1.796931e+02  6.831835e+01
1.991362e-02  1.724666e-02  9.325396e-02  1.923127e+00  5.867282e-01  3.843211e-02  6.819861e+00  7.363956e+06  8.511668e+02  7.706868e-05  8.779600e+04  6.506700e+04  2.207200e+04  6.234800e+04  3.760800e+04  8.992000e+03  3.470000e+02  3.619300e+04  7.487200e+04  9.580000e+02  1.747700e+04  7.349100e+04  6.614610e-01  9.657717e+00  4.900675e+01  1.977531e+01
1.290645e-03  2.407079e-02  6.862193e-02  2.465831e+00  5.332206e-01  1.195233e-02  2.210938e+00  1.492110e+07  5.847404e+02  1.150051e-04  7.443300e+04  4.746000e+04  3.114000e+04  6.903000e+04  5.604700e+04  8.749800e+04  1.518000e+04  1.626700e+04  4.013600e+04  6.223900e+04  8.957800e+04  5.449300e+04  NaN  NaN  NaN  NaN
6.929950e-03  2.381159e-02  8.976516e-02  4.024320e+00  7.852454e-01  8.612559e-03  9.351233e+00  8.006414e+06  3.838016e+02  6.273733e-05  7.620000e+04  3.300800e+04  8.738400e+04  4.917400e+04  6.435300e+04  5.950800e+04  8.460000e+03  1.876100e+04  1.700100e+04  3.007100e+04  8.125200e+04  8.027400e+04  1.661380e+00  2.074530e+01  3.016063e+02  1.080043e+02
2.464034e-02  2.689962e-02  9.608944e-02  4.523868e+00  8.412963e-01  2.127510e-02  7.560305e+00  8.814839e+06  9.740758e+02  6.258762e-05  1.292200e+04  8.172300e+04  8.601800e+04  6.499200e+04  6.486400e+04  3.213700e+04  2.112100e+04  9.728600e+04  7.751200e+04  1.119300e+04  8.711100e+04  3.892200e+04  1.146093e+00  1.465478e+01  1.295540e+02  4.845162e+01
6.382758e-03  9.370798e-03  7.321397e-02  1.180024e+00  9.977296e-01  3.950893e-02  8.405659e+00  1.447585e+07  1.162105e+02  6.515929e-05  7.122500e+04  5.486200e+04  9.691900e+04  6.112900e+04  6.341000e+04  9.087200e+04  9.334400e+04  9.229700e+04  4.597500e+04  2.229500e+04  4.260000e+02  6.155700e+04  NaN  NaN  NaN  NaN
1.124890e-03  3.379836e-04  6.552014e-02  2.228924e+00  7.250248e-01  7.474851e-03  9.208102e+00  5.466432e+06  7.372321e+02  7.386380e-05  4.037200e+04  5.935200e+04  9.001000e+04  2.538100e+04  5.668500e+04  2.167000e+04  3.828000e+03  4.478800e+04  5.180000e+04  5.183200e+04  7.807300e+04  3.526600e+04  1.475698e+00  1.900592e+01  9.471279e+01  3.839814e+01
4.705900e-03  4.920092e-03  7.200284e-02  4.506803e+00  9.931393e-01  1.636799e-02  3.204753e+00  1.171726e+07  2.477128e+02  8.310133e-05  7.195500e+04  6.705400e+04  4.628700e+04  5.391600e+04  3.369300e+04  3.963400e+04  7.666000e+03  7.389600e+04  5.850600e+04  4.715800e+04  5.590800e+04  8.557900e+04  NaN  NaN  NaN  NaN
2.414850e-04  1.857391e-02  7.497180e-02  2.122478e+00  5.826431e-01  4.766993e-02  4.255417e+00  1.008838e+07  7.219683e+02  6.749320e-05  3.145000e+04  8.558500e+04  2.309800e+04  9.444100e+04  9.842000e+03  8.534800e+04  2.390000e+02  8.645000e+04  9.658200e+04  9.120800e+04  4.973400e+04  4.071100e+04  NaN  NaN  NaN  NaN
2.809209e-02  8.259804e-03  7.353007e-02  1.888642e+00  7.359040e-01  3.063852e-02  5.675532e+00  1.445064e+07  6.435108e+02  6.365036e-05  8.665600e+04  9.242100e+04  4.732000e+04  5.052400e+04  4.667100e+04  7.484200e+04  2.365900e+04  1.399800e+04  7.388500e+04  9.253500e+04  1.984700e+04  2.509300e+04  7.124827e-01  1.416658e+01  5.939095e+01  2.475667e+01
4.332145e-03  5.598236e-03  9.896650e-02  1.774002e+00  3.648098e-01  2.923594e-02  1.342338e+00  1.072731e+07  5.362509e+02  8.556215e-05  1.876600e+04  4.231500e+04  3.196200e+04  3.946000e+03  7.552100e+04  9.130400e+04  1.850600e+04  5.604000e+03  8.123300e+04  3.574000e+04  4.900600e+04  1.340100e+04  3.580486e+00  5.889581e+01  2.366768e+01  2.871466e+01
2.627123e-02  2.127792e-02  8.356354e-02  3.311820e+00  3.525313e-01  4.871359e-02  8.846209e+00  1.418461e+07  3.176064e+02  6.211243e-05  3.496200e+04  9.563900e+04  1.104200e+04  7.753800e+04  7.591000e+03  9.253000e+04  6.207700e+04  4.939000e+04  4.385600e+04  1.066100e+04  4.156400e+04  9.603600e+04  1.499245e+00  1.896801e+01  8.139185e+01  3.395303e+01
1.172406e-02  6.245532e-03  8.842944e-02  4.836228e+00  8.604187e-01  2.839415e-02  2.373442e+00  9.676696e+06  2.789201e+02  1.394447e-04  2.832200e+04  1.071000e+04  8.686700e+04  4.433800e+04  7.497400e+04  9.271400e+04  4.727000e+04  4.295300e+04  3.964900e+04  1.183300e+04  2.539900e+04  2.061000e+04  1.991668e+00  2.476536e+01  2.810889e+01  1.828864e+01
2.763981e-02  1.599847e-03  6.840292e-02  4.459391e+00  3.370026e-01  1.105538e-02  9.247183e+00  7.464386e+06  4.268530e+02  1.119201e-04  2.327800e+04  9.275300e+04  7.185200e+04  6.458000e+04  1.446200e+04  7.644400e+04  2.470800e+04  3.523200e+04  2.295000e+04  4.470100e+04  5.984700e+04  9.761800e+04  3.315523e+00  6.160138e+01  2.581879e+02  1.077016e+02
2.794075e-02  1.545002e-02  8.401825e-02  1.035033e+00  2.682280e-01  1.643844e-03  8.974377e+00  8.997818e+06  4.899908e+02  1.103193e-04  2.873500e+04  9.899500e+04  1.468400e+04  7.526000e+03  1.900000e+04  9.235700e+04  1.987000e+03  9.967300e+04  2.031000e+03  3.689800e+04  7.397300e+04  2.437100e+04  NaN  NaN  NaN  NaN
1.041462e-02  4.142065e-03  5.038270e-02  4.031578e+00  3.436379e-01  2.153312e-02  2.244029e+00  6.470425e+06  3.695835e+02  1.013094e-04  7.851800e+04  2.458700e+04  9.180000e+02  7.791200e+04  5.893000e+04  6.775900e+04  3.032300e+04  4.129700e+04  8.130900e+04  9.467500e+04  5.810500e+04  3.045100e+04  3.925242e+00  6.729057e+01  5.114635e+01  4.078739e+01
2.331864e-02  1.917588e-02  5.542546e-02  2.222796e+00  7.347090e-01  2.504021e-02  2.994076e+00  7.313457e+06  1.839479e+02  1.330699e-04  9.626000e+04  1.092100e+04  8.244000e+04  2.741200e+04  6.059500e+04  4.829500e+04  7.230000e+02  4.093300e+04  1.598900e+04  6.021100e+04  1.498700e+04  2.875900e+04  1.381344e+00  1.935195e+01  5.869457e+01  2.647595e+01
1.183321e-02  2.092096e-02  7.069967e-02  2.869032e+00  5.143046e-01  3.302958e-02  4.030075e+00  9.768627e+06  9.861183e+02  1.125476e-04  8.841500e+04  4.009500e+04  8.604100e+04  1.019900e+04  7.035100e+04  7.027900e+04  5.145300e+04  9.408200e+04  7.923600e+04  4.414100e+04  3.496300e+04  8.647900e+04  1.633890e+00  1.989926e+01  5.741781e+01  2.631699e+01
2.437247e-02  1.694920e-02  9.682949e-02  2.862545e+00  6.617245e-01  1.914468e-02  7.317166e+00  8.853072e+06  2.039554e+02  5.066771e-05  1.267800e+04  5.989600e+04  7.409100e+04  5.068600e+04  7.620200e+04  9.808500e+04  1.691400e+04  9.797400e+04  7.403800e+04  9.116700e+04  6.372100e+04  5.472400e+04  NaN  NaN  NaN  NaN
1.520241e-02  1.257320e-02  6.117613e-02  2.633590e+00  8.900610e-01  3.225112e-02  5.495198e+00  1.304887e+07  4.656331e+02  6.739340e-05  7.436600e+04  5.365300e+04  8.224600e+04  3.920800e+04  2.620000e+02  2.957700e+04  9.672900e+04  6.496200e+04  6.314900e+04  4.165000e+03  7.549300e+04  3.861100e+04  NaN  NaN  NaN  NaN
1.140207e-02  2.424306e-02  5.070792e-02  2.119590e+00  8.225439e-01  6.471507e-03  6.509038e+00  6.953513e+06  1.000832e+01  1.435803e-04  3.904800e+04  3.989700e+04  8.705500e+04  9.450900e+04  9.521000e+03  4.169700e+04  4.248800e+04  3.039200e+04  4.291200e+04  2.477600e+04  5.583800e+04  6.849700e+04  NaN  NaN  NaN  NaN
6.914304e-03  1.436106e-02  5.209730e-02  4.443971e+00  5.723237e-01  2.292384e-03  9.247553e+00  9.581787e+06  7.146465e+02  9.513867e-05  9.692900e+04  4.298100e+04  8.081200e+04  2.965900e+04  4.663500e+04  5.883200e+04  9.170000e+03  3.835000e+04  3.658700e+04  1.334900e+04  4.176100e+04  2.460000e+02  2.967884e+00  3.764513e+01  5.632143e+02  2.012758e+02
1.833349e-02  1.638059e-03  8.125001e-02  2.309701e+00  8.302552e-01  7.985466e-03  8.705451e+00  5.362701e+06  8.460516e+02  9.096811e-05  7.623100e+04  5.306400e+04  7.090000e+04  2.959000e+03  8.373900e+04  4.161500e+04  3.667000e+03  1.532600e+04  2.124000e+03  1.316100e+04  1.373800e+04  2.923800e+04  1.460956e+00  2.339553e+01  1.170034e+02  4.728663e+01
2.927246e-03  2.823313e-02  6.741399e-02  3.329790e+00  9.921982e-01  3.051933e-02  1.986674e+00  1.106825e+07  7.264041e+02  1.257369e-04  4.786000e+03  4.557600e+04  3.591700e+04  9.256500e+04  8.997200e+04  1.510500e+04  5.165700e+04  6.522200e+04  7.317000e+04  6.055900e+04  5.319000e+04  4.264800e+04  NaN  NaN  NaN  NaN
2.173599e-02  2.331478e-02  8.171493e-02  3.840729e+00  5.998366e-01  4.857843e-02  5.593976e+00  9.652250e+06  5.613985e+02  5.224943e-05  6.181700e+04  2.205400e+04  8.142300e+04  9.984200e+04  3.529400e+04  2.557000e+04  3.311000e+04  8.835800e+04  7.862000e+04  5.325300e+04  6.415100e+04  4.846700e+04  1.067866e+00  1.346662e+01  6.177111e+01  2.543520e+01
2.670170e-02  2.037244e-02  7.455140e-02  2.248879e+00  6.953504e-01  3.267307e-02  4.065577e+00  1.032399e+07  8.755135e+02  8.892807e-05  8.920900e+04  3.552500e+04  1.237200e+04  4.644900e+04  5.284300e+04  5.895700e+04  8.060200e+04  8.416200e+04  9.550000e+04  4.988000e+04  1.771700e+04  1.637400e+04  NaN  NaN  NaN  NaN
7.546647e-03  1.712840e-02  9.386885e-02  1.653831e+00  6.702595e-01  9.581568e-03  8.052184e+00  6.060643e+06  7.221672e+02  6.382079e-05  1.795000e+03  8.414000e+04  8.820900e+04  3.547400e+04  9.082000e+04  7.346600e+04  3.531700e+04  5.366300e+04  1.285000e+03  5.620000e+04  7.969000e+04  4.144000e+03  1.183536e+00  1.500923e+01  2.076943e+02  7.462903e+01
1.937634e-02  2.048065e-02  5.777889e-02  1.933388e+00  9.265212e-01  2.474879e-02  7.742852e+00  5.188326e+06  9.004049e+02  1.499690e-04  5.269500e+04  7.635500e+04  2.491400e+04  5.952600e+04  5.602500e+04  9.532000e+04  6.949000e+03  4.565600e+04  8.667200e+04  5.908300e+04  6.081200e+04  9.731700e+04  3.356003e-01  8.614575e+00  7.528740e+01  2.807919e+01
1.780110e-02  2.603642e-02  9.920547e-02  4.844549e+00  2.580712e-01  7.906861e-03  9.922424e+00  9.300738e+06  1.198059e+02  9.188822e-05  9.900400e+04  7.051700e+04  4.251900e+04  8.674900e+04  8.969400e+04  6.453900e+04  7.395000e+03  7.697000e+04  4.916500e+04  7.206000e+04  7.507000e+04  4.889600e+04  3.915881e+00  6.285710e+01  5.902325e+02  2.190018e+02
2.683050e-02  1.929420e-02  9.528600e-02  1.270211e+00  7.669223e-01  1.592813e-02  1.861746e+00  7.599050e+06  6.778987e+01  6.792595e-05  3.400900e+04  7.966000e+04  6.021100e+04  6.378000e+03  7.345800e+04  5.744200e+04  6.374000e+03  8.333000e+03  6.537900e+04  3.086500e+04  2.314400e+04  8.191300e+04  NaN  NaN  NaN  NaN
2.211855e-02  1.672020e-02  6.096175e-02  1.493107e+00  8.387445e-01  2.957535e-02  2.580329e+00  1.228134e+07  8.156247e+02  1.318823e-04  4.439900e+04  6.000400e+04  9.996400e+04  7.563100e+04  9.593300e+04  6.035400e+04  8.638300e+04  4.689200e+04  1.176000e+03  4.339000e+04  7.589000e+03  7.467200e+04  7.652070e-01  1.225116e+01  6.144362e+01  2.482000e+01
1.827400e-02  2.700817e-02  9.873601e-02  4.882687e+00  5.270888e-01  4.581556e-02  1.985596e+00  1.236618e+07  7.365347e+02  7.952704e-05  7.733700e+04  8.868500e+04  3.264200e+04  7.386200e+04  3.484200e+04  2.108900e+04  9.686300e+04  5.309100e+04  5.406000e+04  8.491000e+03  3.909400e+04  6.807800e+04  NaN  NaN  NaN  NaN
6.374294e-03  1.388934e-02  8.816463e-02  4.315382e+00  2.552540e-01  2.859860e-02  7.500349e+00  1.110230e+07  3.170993e+01  1.161194e-04  7.714000e+03  8.430600e+04  7.242000e+03  5.541000e+03  3.653900e+04  6.093000e+04  7.395500e+04  6.627100e+04  5.396000e+03  7.619200e+04  2.942600e+04  3.558000e+04  NaN  NaN  NaN  NaN
9.313411e-03  2.564808e-02  8.501180e-02  4.558804e+00  8.497520e-01  3.516727e-02  9.850383e+00  1.203100e+07  2.519346e+02  1.256828e-04  8.842400e+04  3.955500e+04  7.360900e+04  2.078600e+04  3.106200e+04  5.992500e+04  7.983100e+04  8.701900e+04  2.342000e+03  6.997200e+04  6.136100e+04  1.997400e+04  6.527146e-01  1.263305e+01  8.024241e+01  3.117606e+01
1.288463e-02  7.546424e-03  7.593311e-02  1.718930e+00  2.948081e-01  2.015417e-02  2.140306e+00  9.924076e+06  9.489691e+02  8.572170e-05  8.875700e+04  9.783200e+04  7.914500e+04  4.001100e+04  2.058200e+04  7.143400e+04  9.027600e+04  1.462600e+04  5.422100e+04  4.155100e+04  1.640600e+04  9.603500e+04  3.360238e+00  5.256752e+01  6.432560e+01  4.008445e+01
5.667898e-03  1.285665e-02  9.813249e-02  1.656731e+00  6.984940e-01  4.963388e-02  2.859720e+00  1.272205e+07  7.600759e+02  8.510524e-05  3.088000e+03  5.597600e+04  7.580000e+04  9.632900e+04  2.127500e+04  9.310100e+04  3.879600e+04  6.809900e+04  4.862100e+04  6.374300e+04  3.464200e+04  8.042600e+04  NaN  NaN  NaN  NaN
4.727154e-03  8.830984e-03  6.720730e-02  4.482000e+00  9.775872e-01  2.065158e-02  6.632721e+00  7.020874e+06  2.274757e+02  1.361758e-04  5.214800e+04  1.710900e+04  9.565200e+04  5.613300e+04  4.198100e+04  1.548500e+04  1.852900e+04  2.628500e+04  9.502800e+04  3.250700e+04  4.023800e+04  2.406800e+04  NaN  NaN  NaN  NaN
2.394892e-02  2.053711e-02  7.155924e-02  1.892240e+00  5.858087e-01  3.010647e-02  5.771389e+00  1.447373e+07  3.084830e+01  1.366995e-04  1.683000e+04  9.848800e+04  3.790300e+04  2.078500e+04  5.275900e+04  4.289900e+04  2.230900e+04  5.404300e+04  2.384300e+04  5.098000e+04  2.041400e+04  5.632700e+04  NaN  NaN  NaN  NaN
1.853612e-02  3.066399e-03  8.336216e-02  3.360604e+00  9.132605e-01  2.189332e-02  5.630857e+00  1.381946e+07  7.220799e+02  1.218801e-04  4.141000e+04  6.764500e+04  7.212000e+04  5.067500e+04  9.147200e+04  6.844100e+04  8.270000e+04  3.509300e+04  9.085300e+04  6.502800e+04  3.024800e+04  4.742700e+04  NaN  NaN  NaN  NaN
4.485949e-03  2.116899e-03  9.832287e-02  1.146096e+00  7.131658e-01  2.040870e-02  9.330810e+00  1.158157e+07  4.798600e+02  1.018987e-04  6.541000e+04  9.760000e+02  2.830100e+04  9.420000e+02  5.805600e+04  1.906200e+04  1.857400e+04  2.273500e+04  3.923800e+04  6.291300e+04  2.001800e+04  9.719400e+04  6.710387e-01  2.350610e+01  1.121630e+02  4.544673e+01
1.166723e-02  1.463154e-02  9.215803e-02  3.879603e+00  7.592371e-01  3.074485e-02  2.590758e+00  1.003372e+07  7.931558e+02  1.154809e-04  4.972700e+04  5.648700e+04  9.413000e+03  8.721800e+04  1.194300e+04  1.805000e+04  4.443300e+04  1.707400e+04  6.446500e+04  3.896300e+04  2.516000e+04  4.485500e+04  NaN  NaN  NaN  NaN
6.875574e-03  1.815068e-02  5.658318e-02  1.991827e+00  6.411490e-01  1.134814e-02  8.999258e+00  1.468960e+07  7.478119e+02  1.116730e-04  6.476700e+04  6.355100e+04  3.714200e+04  4.377200e+04  2.732200e+04  5.120100e+04  1.810000e+03  4.016200e+04  7.948300e+04  4.538500e+04  1.795200e+04  5.019400e+04  NaN  NaN  NaN  NaN
2.536355e-02  3.736257e-03  6.022035e-02  3.553346e+00  6.806094e-01  1.719951e-02  8.703717e+00  1.351891e+07  9.120205e+02  8.382189e-05  5.686200e+04  2.789700e+04  1.717200e+04  9.490300e+04  8.327900e+04  2.785500e+04  9.715900e+04  6.915700e+04  2.025000e+04  3.238000e+04  7.292400e+04  4.527000e+04  1.545655e+00  2.365269e+01  9.309327e+01  3.943054e+01
2.937763e-02  6.375817e-03  6.521832e-02  1.265922e+00  6.443053e-01  2.436526e-02  1.562015e+00  9.176177e+06  6.735223e+02  5.990241e-05  8.977200e+04  6.360500e+04  7.578800e+04  9.291100e+04  2.860200e+04  4.212500e+04  7.036700e+04  1.410400e+04  8.430700e+04  2.148200e+04  3.667100e+04  4.970100e+04  NaN  NaN  NaN  NaN
5.058207e-03  1.129578e-02  8.020434e-02  4.437785e+00  9.140446e-01  1.157708e-02  3.269355e+00  8.371627e+06  3.507834e+02  5.931843e-05  7.906500e+04  4.796000e+03  7.280700e+04  4.290900e+04  8.628200e+04  7.014600e+04  5.840100e+04  9.541100e+04  2.348400e+04  6.729000e+03  1.767900e+04  3.230600e+04  NaN  NaN  NaN  NaN
2.794443e-02  7.135687e-03  9.073411e-02  4.629871e+00  6.540857e-01  2.385314e-02  1.120927e+00  8.376447e+06  8.075073e+02  1.472526e-04  2.191500e+04  6.926800e+04  7.374000e+04  7.771300e+04  3.142000e+04  9.444200e+04  7.770500e+04  6.981400e+04  6.277500e+04  4.804100e+04  3.019400e+04  5.403500e+04  4.553306e+00  8.505158e+01  3.236319e+01  4.065603e+01
7.861370e-03  2.702093e-02  7.409305e-02  4.026962e+00  7.457989e-01  2.354223e-02  9.162869e+00  6.257581e+06  2.639833e+01  7.226953e-05  3.392800e+04  9.439000e+04  4.071400e+04  2.941300e+04  1.885700e+04  6.052600e+04  4.742900e+04  7.616100e+04  7.961800e+04  4.726100e+04  3.888100e+04  6.690400e+04  NaN  NaN  NaN  NaN
3.409099e-03  1.060999e-02  6.439739e-02  2.562262e+00  4.179505e-01  1.314592e-02  2.295138e+00  7.422738e+06  9.482548e+02  5.496837e-05  3.888100e+04  1.827900e+04  3.215600e+04  2.496500e+04  2.260900e+04  6.436000e+03  8.036300e+04  4.599200e+04  4.464000e+04  4.081400e+04  9.738400e+04  4.645000e+04  3.443465e+00  5.271999e+01  1.104472e+02  5.553690e+01
2.927746e-02  7.376782e-03  9.626319e-02  2.590362e+00  5.895628e-01  3.986262e-02  8.293761e+00  9.505710e+06  2.874299e+01  1.251253e-04  3.021000e+04  2.666200e+04  6.567300e+04  2.210600e+04  2.925500e+04  4.057600e+04  5.693500e+04  4.956000e+04  9.650400e+04  3.001900e+04  1.575700e+04  1.606000e+03  NaN  NaN  NaN  NaN
5.457519e-04  1.448389e-02  9.452038e-02  2.484277e+00  2.932050e-01  4.356790e-03  9.302578e+00  7.703447e+06  2.101023e+01  1.052460e-04  2.525000e+04  5.895000e+03  9.242600e+04  1.147500e+04  7.139800e+04  6.463500e+04  4.310700e+04  1.407100e+04  4.167000e+03  3.845700e+04  9.671900e+04  5.672600e+04  3.443130e+00  4.827804e+01  6.323180e+02  2.280130e+02
4.801533e-05  1.643095e-02  9.810522e-02  2.171343e+00  5.763578e-01  3.930139e-02  2.728708e+00  5.425358e+06  9.380205e+02  1.329930e-04  3.541000e+04  5.252700e+04  2.601900e+04  9.374500e+04  6.305700e+04  2.803700e+04  3.046300e+04  6.939000e+03  2.237400e+04  6.984400e+04  2.077700e+04  9.959800e+04  NaN  NaN  NaN  NaN
1.530817e-02  9.426067e-03  8.107058e-02  4.869109e+00  4.612932e-01  2.879070e-02  5.660479e+00  6.469005e+06  3.254704e+02  1.118227e-04  3.316400e+04  4.786200e+04  9.013900e+04  6.560700e+04  7.667500e+04  4.141600e+04  2.781200e+04  5.710900e+04  1.082300e+04  5.945600e+04  1.511500e+04  9.340200e+04  2.154011e+00  2.869912e+01  8.547671e+01  3.877662e+01
8.269434e-03  2.966505e-02  5.553848e-02  2.559528e+00  8.741114e-01  4.808497e-02  5.475865e+00  1.166069e+07  7.632492e+02  1.413378e-04  5.569000e+03  9.770600e+04  1.709500e+04  3.703500e+04  3.283400e+04  2.140000e+03  5.878200e+04  3.217900e+04  7.405700e+04  3.657400e+04  7.687800e+04  5.624400e+04  NaN  NaN  NaN  NaN
1.688922e-02  2.938512e-02  7.748366e-02  3.308019e+00  5.919231e-01  4.901009e-02  7.183248e+00  1.401263e+07  7.979493e+02  1.299882e-04  8.936200e+04  6.151700e+04  4.721000e+04  7.702900e+04  2.878800e+04  6.741000e+04  8.546100e+04  8.452300e+04  6.338100e+04  2.080400e+04  5.464000e+03  1.583000e+03  7.906416e-01  1.057630e+01  5.047783e+01  2.061492e+01
2.744168e-02  1.097912e-02  5.489830e-02  1.508706e+00  6.171318e-01  1.600468e-02  3.947706e+00  1.451660e+07  3.263148e+01  1.475715e-04  3.221100e+04  2.001000e+03  9.498000e+04  7.302700e+04  8.891800e+04  6.322700e+04  8.511100e+04  1.130000e+04  4.041500e+04  5.722000e+03  2.023500e+04  6.782200e+04  NaN  NaN  NaN  NaN
1.996965e-02  1.829664e-02  5.666268e-02  4.533152e+00  6.097266e-01  3.096948e-02  7.683712e+00  5.151132e+06  8.448371e+02  1.261069e-04  9.846400e+04  4.344500e+04  3.100400e+04  1.213200e+04  4.957300e+04  7.244700e+04  1.376400e+04  7.682600e+04  3.924500e+04  7.793500e+04  3.874200e+04  9.951100e+04  1.352674e+00  1.694350e+01  8.267438e+01  3.365685e+01
2.602778e-02  2.160364e-02  7.140391e-02  1.239821e+00  6.824730e-01  4.520079e-02  8.274825e+00  1.432635e+07  3.631951e+02  1.158858e-04  7.144500e+04  2.156000e+04  1.040600e+04  4.305000e+04  3.903100e+04  1.297500e+04  9.337900e+04  5.349000e+03  1.742900e+04  2.604400e+04  2.396400e+04  2.939200e+04  NaN  NaN  NaN  NaN
2.302272e-02  2.656483e-02  7.832737e-02  1.528688e+00  9.243776e-01  2.947598e-02  9.023438e+00  1.017086e+07  8.752837e+01  5.670737e-05  2.654000e+03  2.120900e+04  4.089000e+03  5.170000e+04  6.912700e+04  5.949800e+04  5.596700e+04  6.949700e+04  7.375700e+04  7.290400e+04  8.828800e+04  9.096200e+04  NaN  NaN  NaN  NaN
6.301319e-04  2.788209e-02  8.385298e-02  4.661504e+00  8.902444e-01  4.777871e-02  2.756129e+00  7.077051e+06  6.303963e+02  1.021946e-04  2.191200e+04  3.440400e+04  6.250000e+04  6.421700e+04  5.055400e+04  6.051400e+04  6.107800e+04  2.357100e+04  4.151600e+04  5.280000e+02  8.577500e+04  1.209000e+04  1.116482e+00  1.254687e+01  2.365753e+01  1.244029e+01
1.518779e-02  9.141274e-04  8.193176e-02  4.419038e+00  4.393501e-01  3.602996e-03  3.979327e+00  8.578909e+06  1.580354e+02  1.015742e-04  9.981700e+04  2.303900e+04  2.086800e+04  4.972400e+04  2.116800e+04  9.633000e+04  3.750500e+04  9.171000e+04  1.318500e+04  7.421500e+04  3.194000e+04  9.258800e+04  4.062092e+00  6.908625e+01  2.817080e+02  1.182854e+02
2.947080e-02  2.846321e-02  7.963416e-02  4.145047e+00  6.283447e-01  4.259922e-02  2.799521e+00  6.832392e+06  1.748034e+02  5.417282e-05  7.021900e+04  8.545900e+04  3.702600e+04  9.698800e+04  4.885900e+04  7.785000e+04  9.942700e+04  9.461000e+03  5.159200e+04  1.659500e+04  9.102800e+04  5.072100e+04  1.733707e+00  2.153000e+01  3.492445e+01  1.939605e+01
2.809533e-02  2.475132e-02  8.593045e-02  3.920225e+00  6.230915e-01  3.277151e-03  6.659183e+00  1.458588e+07  4.998100e+02  6.552839e-05  1.925200e+04  3.060400e+04  2.356900e+04  2.113900e+04  8.137000e+04  4.017100e+04  1.844000e+03  5.243700e+04  1.875800e+04  4.181100e+04  5.665800e+04  2.307000e+04  NaN  NaN  NaN  NaN
1.787682e-02  2.526192e-03  8.551493e-02  4.421071e+00  8.829452e-01  2.106909e-02  7.545635e+00  1.090277e+07  2.952755e+01  1.121266e-04  5.219800e+04  5.170100e+04  4.324800e+04  2.566800e+04  2.482200e+04  6.448300e+04  4.655700e+04  8.301800e+04  9.750100e+04  3.708700e+04  4.267800e+04  1.823700e+04  NaN  NaN  NaN  NaN
4.332039e-03  2.159167e-02  8.531430e-02  2.382651e+00  3.232108e-01  2.873356e-02  2.215128e+00  1.285375e+07  9.205499e+02  7.303139e-05  2.729300e+04  8.608300e+04  1.012100e+04  1.649200e+04  2.956100e+04  7.828000e+03  5.064000e+04  4.036200e+04  1.514000e+04  6.170100e+04  4.404900e+04  2.905800e+04  3.109737e+00  4.668224e+01  4.707696e+01  3.228965e+01
2.248749e-03  4.728400e-03  8.925171e-02  4.575932e+00  3.304788e-01  4.464583e-02  1.625906e+00  1.053565e+07  7.706106e+02  9.782960e-05  9.919200e+04  7.716700e+04  1.677200e+04  7.786700e+04  4.047400e+04  8.108700e+04  2.082000e+03  1.667300e+04  3.110300e+04  3.103400e+04  8.439100e+04  4.693900e+04  4.208120e+00  7.532262e+01  1.825986e+01  3.259687e+01
1.105759e-03  1.523913e-02  7.616876e-02  1.503453e+00  4.185924e-01  2.499799e-02  7.896108e+00  1.114666e+07  8.353935e+02  5.096216e-05  9.495800e+04  9.907600e+04  4.525800e+04  8.111800e+04  2.123100e+04  2.845400e+04  6.937700e+04  8.267400e+04  8.153600e+04  7.282100e+04  1.603900e+04  1.666000e+03  1.161275e+00  1.336361e+01  1.129145e+02  4.247981e+01
2.580232e-02  5.186316e-03  8.690950e-02  4.012730e+00  6.186379e-01  1.367796e-02  6.269927e+00  1.132542e+07  2.017303e+02  1.373196e-04  3.661900e+04  9.952000e+04  4.135900e+04  5.781200e+04  9.473500e+04  3.937500e+04  3.896300e+04  3.354000e+04  2.305300e+04  5.514000e+03  9.837100e+04  6.812400e+04  2.135048e+00  3.104904e+01  1.389886e+02  5.739089e+01
1.282391e-02  2.051664e-02  5.720173e-02  1.053587e+00  6.051296e-01  3.925207e-02  8.251085e+00  9.449359e+06  9.978480e+02  1.102024e-04  9.281500e+04  3.119000e+03  8.735100e+04  2.060700e+04  3.011900e+04  7.181100e+04  7.390700e+04  9.859200e+04  9.024500e+04  8.788600e+04  9.650000e+03  7.778300e+04  6.138324e-02  5.275946e+00  4.896209e+01  1.809981e+01
6.057912e-03  8.689348e-03  6.333856e-02  4.086008e+00  7.610002e-01  3.651866e-02  4.719212e+00  5.381486e+06  7.085128e+02  9.974701e-05  2.318600e+04  9.472900e+04  4.769700e+04  8.464600e+04  3.262700e+04  1.949000e+04  8.748100e+04  4.826700e+04  5.378000e+04  4.837000e+03  4.119000e+03  2.665600e+04  1.043364e+00  1.187791e+01  4.075780e+01  1.789302e+01
2.446224e-02  8.645383e-03  9.729834e-02  3.756467e+00  5.826407e-01  2.093344e-02  3.529893e+00  1.307846e+07  1.354949e+02  1.066299e-04  7.389500e+04  6.753800e+04  7.930000e+04  1.172300e+04  5.098000e+04  9.834700e+04  2.577300e+04  3.586500e+04  2.353200e+04  3.711000e+03  8.260600e+04  6.048800e+04  2.227114e+00  3.025795e+01  7.545667e+01  3.598058e+01
8.980462e-04  5.744615e-03  6.083626e-02  1.806224e+00  9.573407e-01  2.346371e-02  3.555677e+00  1.241602e+07  7.372656e+02  1.139968e-04  6.646000e+04  1.311200e+04  6.454900e+04  7.013800e+04  1.228900e+04  3.364600e+04  6.234000e+04  9.759000e+04  4.830000e+02  2.768200e+04  6.644000e+03  2.341400e+04  NaN  NaN  NaN  NaN
1.869880e-02  7.124535e-04  7.885206e-02  4.638456e+00  9.918128e-01  9.984180e-03  3.146888e+00  5.431996e+06  5.932269e+02  6.283246e-05  9.275800e+04  8.092500e+04  5.636100e+04  5.700500e+04  6.032500e+04  9.543800e+04  7.143600e+04  7.362000e+04  7.888100e+04  6.416900e+04  9.613600e+04  4.193600e+04  NaN  NaN  NaN  NaN
2.533658e-02  6.695822e-03  6.663421e-02  2.341025e+00  4.465256e-01  4.221469e-02  9.940186e+00  1.268762e+07  5.222429e+02  6.300320e-05  8.842400e+04  9.773800e+04  5.653200e+04  3.912500e+04  1.187700e+04  4.719700e+04  5.641700e+04  1.296800e+04  7.397000e+04  4.111700e+04  2.560700e+04  7.220000e+02  1.076847e+00  1.802285e+01  6.915181e+01  2.941717e+01
2.165894e-02  1.873306e-02  5.812792e-02  1.345584e+00  9.816411e-01  4.955449e-02  8.131436e+00  5.541515e+06  9.584835e+02  7.614900e-05  6.252000e+04  2.059800e+04  5.855600e+04  8.563500e+04  5.266600e+04  8.434600e+04  9.006700e+04  1.822000e+04  9.744100e+04  8.237600e+04  6.686500e+04  3.435500e+04  3.812272e-01  2.107606e+00  9.501410e+00  3.996748e+00
2.048320e-02  1.466140e-02  5.561867e-02  1.176075e+00  8.466578e-01  3.924339e-02  3.900180e+00  6.289327e+06  7.607671e+02  5.910627e-05  5.570000e+04  4.353300e+04  5.540900e+04  4.660300e+04  6.423400e+04  6.731000e+03  8.165500e+04  4.434900e+04  8.538500e+04  4.429400e+04  2.636000e+04  9.571700e+04  NaN  NaN  NaN  NaN
2.267953e-02  1.052624e-03  5.385196e-02  1.959212e+00  9.769865e-01  9.157204e-03  1.463139e+00  6.635622e+06  7.536569e+02  1.033593e-04  2.693200e+04  1.357200e+04  6.014400e+04  5.492000e+03  6.721600e+04  5.145100e+04  6.861400e+04  6.986400e+04  6.347600e+04  5.853900e+04  7.240100e+04  2.421200e+04  3.049722e+00  2.019587e+01  1.156189e+01  1.160250e+01
1.818585e-02  2.174449e-02  5.044181e-02  2.449179e+00  9.940959e-01  4.937756e-02  6.471765e+00  9.837792e+06  9.352467e+02  1.082295e-04  6.084800e+04  8.636000e+04  9.469600e+04  5.196400e+04  9.962300e+04  8.785800e+04  1.123200e+04  5.692100e+04  7.177000e+04  8.678500e+04  2.114400e+04  7.550300e+04  NaN  NaN  NaN  NaN
1.682305e-02  2.808806e-02  7.189569e-02  1.590692e+00  9.460719e-01  4.424372e-02  8.971390e+00  7.841402e+06  8.092568e+02  5.814258e-05  7.502100e+04  8.507100e+04  6.572500e+04  2.445800e+04  8.242200e+04  7.992200e+04  5.082400e+04  5.282800e+04  1.006700e+04  7.558700e+04  9.178000e+03  6.958200e+04  NaN  NaN  NaN  NaN
1.245784e-02  2.538785e-02  9.433565e-02  2.224772e+00  9.733744e-01  4.635028e-02  9.542595e+00  5.714574e+06  7.809024e+02  1.038781e-04  1.092600e+04  1.228900e+04  6.902500e+04  2.649800e+04  9.910200e+04  3.578900e+04  3.632300e+04  8.620300e+04  3.740800e+04  1.682000e+03  1.519200e+04  8.731000e+03  1.028927e-01  5.180549e+00  3.982968e+01  1.503771e+01
2.076933e-02  7.926243e-04  6.979888e-02  3.926321e+00  8.849102e-01  1.358903e-02  1.410986e+00  5.373238e+06  9.240694e+02  6.289904e-05  4.671900e+04  5.666100e+04  1.690800e+04  9.717800e+04  9.362600e+04  2.633000e+03  4.311300e+04  6.010500e+04  2.395400e+04  5.177000e+04  9.042400e+04  6.069100e+04  4.802972e+00  4.232128e+01  9.935287e+00  1.901985e+01
4.837169e-03  3.572544e-03  9.546374e-02  3.551647e+00  9.853371e-01  4.904683e-02  9.537184e+00  5.384345e+06  9.287643e+02  8.215442e-05  5.778800e+04  2.423300e+04  6.381500e+04  1.047200e+04  9.260000e+04  4.762600e+04  2.244700e+04  9.081000e+03  8.197200e+04  8.279900e+04  7.918900e+04  7.082900e+04  1.398976e-01  3.117920e-01  5.070986e+00  1.840892e+00
9.407158e-03  2.820745e-02  6.940011e-02  2.100277e+00  9.388247e-01  4.960829e-02  9.362234e+00  7.839176e+06  6.629688e+02  1.392742e-04  2.435000e+04  5.311000e+03  8.722000e+03  7.834700e+04  5.646000e+03  4.067800e+04  1.787000e+04  6.895600e+04  2.598400e+04  5.419200e+04  8.013300e+04  2.949300e+04  1.405741e-01  6.344041e+00  4.202753e+01  1.617072e+01
2.459240e-02  1.690326e-04  5.953952e-02  4.671982e+00  9.706620e-01  4.213112e-02  9.364171e+00  7.789518e+06  9.892193e+02  1.113787e-04  4.830800e+04  7.849300e+04  3.287000e+03  6.244400e+04  2.192200e+04  3.906400e+04  3.349100e+04  1.974300e+04  8.525600e+04  9.294200e+04  1.183600e+04  3.606200e+04  3.195606e-01  2.717808e+00  3.497466e-01  1.129038e+00
2.906996e-02  1.211051e-02  7.693429e-02  4.704121e+00  9.861381e-01  4.796420e-02  1.201324e+00  5.814341e+06  6.240512e+02  6.993356e-05  5.713000e+03  2.591600e+04  5.776800e+04  7.374400e+04  1.422600e+04  7.438400e+04  2.499600e+04  3.170900e+04  4.852100e+04  5.419700e+04  3.248700e+04  8.621600e+04  4.389610e+00  3.470389e+01  7.774175e+00  1.562256e+01
1.758625e-02  3.155928e-03  5.285530e-02  2.030088e+00  9.891100e-01  4.828049e-02  9.644006e+00  7.254978e+06  7.873186e+02  6.926781e-05  9.971400e+04  3.864400e+04  1.595000e+04  5.370100e+04  2.622500e+04  6.241800e+04  5.040900e+04  2.170300e+04  7.627100e+04  9.009100e+04  2.464900e+04  5.223500e+04  2.528693e-01  2.372047e-01  1.177621e+00  5.558982e-01
1.948899e-02  3.863078e-04  8.567043e-02  2.239593e+00  9.698210e-01  4.884375e-02  9.027468e+00  8.852942e+06  9.864721e+02  1.472130e-04  8.820000e+03  2.759200e+04  7.548900e+04  5.243700e+04  3.908500e+04  9.276200e+04  1.214700e+04  8.952600e+04  5.355000e+04  6.169400e+04  9.521100e+04  9.225600e+04  6.986309e-02  1.363536e+00  3.735217e-02  4.902503e-01
2.459044e-02  3.479836e-04  6.118935e-02  4.925431e+00  9.951302e-01  4.925007e-02  9.649005e+00  9.259105e+06  8.640593e+02  5.284518e-05  9.383000e+04  4.320900e+04  8.951200e+04  3.987900e+04  8.149200e+04  4.025000e+03  3.390000e+04  4.921100e+04  3.947200e+04  9.079800e+04  8.836700e+04  7.394200e+04  NaN  NaN  NaN  NaN
6.032989e-03  9.522259e-03  6.683466e-02  1.094620e+00  9.954280e-01  4.338846e-02  9.812078e+00  5.900068e+06  9.088533e+02  1.214348e-04  2.712000e+03  8.179400e+04  3.076200e+04  4.419000e+04  3.082500e+04  9.177000e+04  2.755300e+04  5.962400e+04  8.815200e+04  3.788400e+04  7.213100e+04  8.681300e+04  NaN  NaN  NaN  NaN
8.339450e-03  9.290711e-04  5.696770e-02  2.208970e+00  9.799283e-01  4.645367e-02  8.946135e+00  6.116272e+06  9.379600e+02  6.723581e-05  1.615400e+04  3.324500e+04  4.828800e+04  2.084900e+04  9.521200e+04  8.662000e+04  6.145500e+04  4.873300e+04  7.931400e+04  4.039000e+04  4.082700e+04  1.445100e+04  NaN  NaN  NaN  NaN
