7.946168e-03  1.622093e-02  5.158762e-02  2.153211e+00  7.063997e-01  4.829856e-02  7.430003e+00  1.362010e+07  1.831135e+02  1.271078e-04  1.348600e+04  6.743900e+04  9.301400e+04  5.331700e+04  1.149700e+04  6.539700e+04  2.620700e+04  9.624600e+04  8.972300e+04  3.187400e+04  3.414200e+04  6.595600e+04  NaN  NaN  NaN  NaN
2.454494e-02  7.471693e-03  6.841751e-02  2.153211e+00  7.063997e-01  4.829856e-02  7.430003e+00  1.362010e+07  1.831135e+02  1.271078e-04  3.241200e+04  7.850000e+02  9.383100e+04  9.400800e+04  3.231400e+04  3.569500e+04  1.897100e+04  3.684600e+04  5.249700e+04  8.898600e+04  7.909000e+04  2.693600e+04  NaN  NaN  NaN  NaN
1.336984e-02  1.787666e-02  8.824450e-02  2.153211e+00  7.063997e-01  4.829856e-02  7.430003e+00  1.362010e+07  1.831135e+02  1.271078e-04  2.056000e+03  9.750000e+02  4.432300e+04  6.220000e+04  9.799900e+04  4.841500e+04  3.782000e+03  1.526600e+04  1.986000e+03  7.638500e+04  2.389100e+04  7.246900e+04  NaN  NaN  NaN  NaN
3.779136e-03  1.670170e-02  8.468472e-02  2.153211e+00  7.063997e-01  4.829856e-02  7.430003e+00  1.362010e+07  1.831135e+02  1.271078e-04  6.383500e+04  5.194700e+04  1.397900e+04  6.508800e+04  3.018400e+04  7.101100e+04  4.429100e+04  3.971900e+04  7.996000e+04  6.656000e+04  6.523100e+04  9.806900e+04  NaN  NaN  NaN  NaN
7.623008e-03  1.976492e-02  9.469975e-02  2.153211e+00  7.063997e-01  4.829856e-02  7.430003e+00  1.362010e+07  1.831135e+02  1.271078e-04  9.730100e+04  7.104400e+04  3.614100e+04  2.934100e+04  1.558400e+04  3.421100e+04  6.070600e+04  5.348900e+04  4.118000e+04  1.020000e+04  1.454200e+04  6.426500e+04  NaN  NaN  NaN  NaN
5.518875e-04  1.918508e-02  9.509372e-02  2.153211e+00  7.063997e-01  4.829856e-02  7.430003e+00  1.362010e+07  1.831135e+02  1.271078e-04  5.927200e+04  5.706800e+04  4.100000e+04  5.992600e+04  4.760400e+04  8.267200e+04  3.874900e+04  7.266000e+04  8.998400e+04  9.435400e+04  2.204600e+04  8.954700e+04  1.414717e-01  3.309182e+00  2.886179e+01  1.077081e+01
2.611503e-02  2.535109e-02  8.657199e-02  2.153211e+00  7.063997e-01  4.829856e-02  7.430003e+00  1.362010e+07  1.831135e+02  1.271078e-04  4.784300e+04  8.486300e+04  6.759600e+04  8.795800e+04  9.114100e+04  8.411500e+04  3.167400e+04  2.194300e+04  9.334300e+04  6.938900e+04  7.303000e+04  8.608200e+04  NaN  NaN  NaN  NaN
1.192491e-02  8.242606e-03  8.569048e-02  2.153211e+00  7.063997e-01  4.829856e-02  7.430003e+00  1.362010e+07  1.831135e+02  1.271078e-04  8.728100e+04  2.005100e+04  9.986900e+04  8.445900e+04  9.079100e+04  9.819000e+03  7.662400e+04  9.653600e+04  9.843300e+04  9.601400e+04  1.855700e+04  9.495300e+04  NaN  NaN  NaN  NaN
3.114222e-03  4.029870e-03  8.290202e-02  2.153211e+00  7.063997e-01  4.829856e-02  7.430003e+00  1.362010e+07  1.831135e+02  1.271078e-04  3.592800e+04  5.984200e+04  4.618900e+04  3.692300e+04  7.850400e+04  6.413600e+04  3.278800e+04  3.124000e+04  6.071600e+04  2.231600e+04  1.642400e+04  8.485600e+04  NaN  NaN  NaN  NaN
2.006700e-02  9.355812e-04  6.980678e-02  2.153211e+00  7.063997e-01  4.829856e-02  7.430003e+00  1.362010e+07  1.831135e+02  1.271078e-04  4.316500e+04  8.672500e+04  2.873000e+04  1.776600e+04  4.932200e+04  8.809700e+04  3.993500e+04  3.137700e+04  3.073300e+04  6.538200e+04  3.739700e+04  2.539400e+04  5.091647e-01  8.018070e+00  7.652502e+00  5.393246e+00
1.011340e-02  6.387357e-03  5.580285e-02  2.153211e+00  7.063997e-01  4.829856e-02  7.430003e+00  1.362010e+07  1.831135e+02  1.271078e-04  7.620000e+04  3.300800e+04  8.738400e+04  4.917400e+04  6.435300e+04  5.950800e+04  8.460000e+03  1.876100e+04  1.700100e+04  3.007100e+04  8.125200e+04  8.027400e+04  NaN  NaN  NaN  NaN
1.197551e-02  2.062840e-02  8.913315e-02  2.153211e+00  7.063997e-01  4.829856e-02  7.430003e+00  1.362010e+07  1.831135e+02  1.271078e-04  7.307400e+04  1.504000e+04  1.216800e+04  9.459800e+04  3.693500e+04  3.236100e+04  9.710900e+04  6.937700e+04  7.285100e+04  1.363600e+04  6.309100e+04  4.941000e+04  NaN  NaN  NaN  NaN
2.907577e-02  2.183878e-02  8.004723e-02  2.153211e+00  7.063997e-01  4.829856e-02  7.430003e+00  1.362010e+07  1.831135e+02  1.271078e-04  2.327800e+04  9.275300e+04  7.185200e+04  6.458000e+04  1.446200e+04  7.644400e+04  2.470800e+04  3.523200e+04  2.295000e+04  4.470100e+04  5.984700e+04  9.761800e+04  2.017288e-01  4.683536e+00  3.096036e+01  1.194854e+01
2.720856e-02  2.819252e-02  7.634983e-02  2.153211e+00  7.063997e-01  4.829856e-02  7.430003e+00  1.362010e+07  1.831135e+02  1.271078e-04  4.784100e+04  2.994000e+04  9.600900e+04  9.145300e+04  8.676100e+04  1.388500e+04  2.842500e+04  4.686600e+04  8.276000e+03  1.702200e+04  5.139800e+04  2.809200e+04  2.441784e-01  6.096451e+00  3.952629e+01  1.528897e+01
2.454693e-02  1.505874e-02  9.584919e-02  2.153211e+00  7.063997e-01  4.829856e-02  7.430003e+00  1.362010e+07  1.831135e+02  1.271078e-04  7.122500e+04  5.486200e+04  9.691900e+04  6.112900e+04  6.341000e+04  9.087200e+04  9.334400e+04  9.229700e+04  4.597500e+04  2.229500e+04  4.260000e+02  6.155700e+04  NaN  NaN  NaN  NaN
1.849754e-02  4.295010e-03  7.195477e-02  2.153211e+00  7.063997e-01  4.829856e-02  7.430003e+00  1.362010e+07  1.831135e+02  1.271078e-04  2.873500e+04  9.899500e+04  1.468400e+04  7.526000e+03  1.900000e+04  9.235700e+04  1.987000e+03  9.967300e+04  2.031000e+03  3.689800e+04  7.397300e+04  2.437100e+04  NaN  NaN  NaN  NaN
2.300545e-02  1.216132e-02  6.053489e-02  2.153211e+00  7.063997e-01  4.829856e-02  7.430003e+00  1.362010e+07  1.831135e+02  1.271078e-04  1.661100e+04  9.682700e+04  3.347100e+04  6.418000e+03  2.120100e+04  1.990100e+04  7.022500e+04  9.530300e+04  5.200700e+04  3.814000e+04  3.593400e+04  5.298400e+04  NaN  NaN  NaN  NaN
2.615106e-02  2.936728e-02  9.423077e-02  2.153211e+00  7.063997e-01  4.829856e-02  7.430003e+00  1.362010e+07  1.831135e+02  1.271078e-04  8.841500e+04  4.009500e+04  8.604100e+04  1.019900e+04  7.035100e+04  7.027900e+04  5.145300e+04  9.408200e+04  7.923600e+04  4.414100e+04  3.496300e+04  8.647900e+04  NaN  NaN  NaN  NaN
1.907681e-02  1.157846e-02  5.287091e-02  2.153211e+00  7.063997e-01  4.829856e-02  7.430003e+00  1.362010e+07  1.831135e+02  1.271078e-04  5.963800e+04  8.854500e+04  8.471700e+04  8.467300e+04  7.553800e+04  6.472200e+04  5.162800e+04  4.726400e+04  9.843100e+04  4.295900e+04  1.125300e+04  5.493900e+04  NaN  NaN  NaN  NaN
2.510376e-02  1.791797e-02  6.670844e-02  2.153211e+00  7.063997e-01  4.829856e-02  7.430003e+00  1.362010e+07  1.831135e+02  1.271078e-04  8.665600e+04  9.242100e+04  4.732000e+04  5.052400e+04  4.667100e+04  7.484200e+04  2.365900e+04  1.399800e+04  7.388500e+04  9.253500e+04  1.984700e+04  2.509300e+04  4.080356e-01  1.252196e+01  5.037340e+01  2.110113e+01
2.151243e-02  1.589525e-02  9.498626e-02  2.153211e+00  7.063997e-01  4.829856e-02  7.430003e+00  1.362010e+07  1.831135e+02  1.271078e-04  7.443300e+04  4.746000e+04  3.114000e+04  6.903000e+04  5.604700e+04  8.749800e+04  1.518000e+04  1.626700e+04  4.013600e+04  6.223900e+04  8.957800e+04  5.449300e+04  2.780420e-01  9.912919e+00  8.713214e+01  3.244103e+01
7.385948e-03  1.155175e-02  8.957778e-02  2.153211e+00  7.063997e-01  4.829856e-02  7.430003e+00  1.362010e+07  1.831135e+02  1.271078e-04  4.037200e+04  5.935200e+04  9.001000e+04  2.538100e+04  5.668500e+04  2.167000e+04  3.828000e+03  4.478800e+04  5.180000e+04  5.183200e+04  7.807300e+04  3.526600e+04  NaN  NaN  NaN  NaN
1.317203e-02  1.480500e-02  8.114015e-02  2.153211e+00  7.063997e-01  4.829856e-02  7.430003e+00  1.362010e+07  1.831135e+02  1.271078e-04  9.900400e+04  7.051700e+04  4.251900e+04  8.674900e+04  8.969400e+04  6.453900e+04  7.395000e+03  7.697000e+04  4.916500e+04  7.206000e+04  7.507000e+04  4.889600e+04  2.659745e-01  7.981754e+00  4.322513e+01  1.715762e+01
7.009379e-03  1.038455e-03  9.554898e-02  2.153211e+00  7.063997e-01  4.829856e-02  7.430003e+00  1.362010e+07  1.831135e+02  1.271078e-04  1.267800e+04  5.989600e+04  7.409100e+04  5.068600e+04  7.620200e+04  9.808500e+04  1.691400e+04  9.797400e+04  7.403800e+04  9.116700e+04  6.372100e+04  5.472400e+04  2.858175e-01  5.087743e+00  3.799416e+01  1.445591e+01
1.925219e-02  2.578930e-02  9.986495e-02  2.153211e+00  7.063997e-01  4.829856e-02  7.430003e+00  1.362010e+07  1.831135e+02  1.271078e-04  3.145000e+04  8.558500e+04  2.309800e+04  9.444100e+04  9.842000e+03  8.534800e+04  2.390000e+02  8.645000e+04  9.658200e+04  9.120800e+04  4.973400e+04  4.071100e+04  NaN  NaN  NaN  NaN
8.050001e-03  1.831193e-02  5.538538e-02  2.153211e+00  7.063997e-01  4.829856e-02  7.430003e+00  1.362010e+07  1.831135e+02  1.271078e-04  7.505700e+04  8.740000e+02  5.712200e+04  4.986000e+04  2.656300e+04  4.141200e+04  1.687400e+04  1.708000e+04  8.205300e+04  7.528200e+04  6.330900e+04  8.810200e+04  3.800816e-01  1.383275e+01  7.748638e+01  3.056641e+01
2.778495e-02  1.051866e-02  9.852216e-02  2.153211e+00  7.063997e-01  4.829856e-02  7.430003e+00  1.362010e+07  1.831135e+02  1.271078e-04  8.875700e+04  9.783200e+04  7.914500e+04  4.001100e+04  2.058200e+04  7.143400e+04  9.027600e+04  1.462600e+04  5.422100e+04  4.155100e+04  1.640600e+04  9.603500e+04  NaN  NaN  NaN  NaN
2.244718e-02  2.513290e-02  8.812661e-02  2.153211e+00  7.063997e-01  4.829856e-02  7.430003e+00  1.362010e+07  1.831135e+02  1.271078e-04  5.686200e+04  2.789700e+04  1.717200e+04  9.490300e+04  8.327900e+04  2.785500e+04  9.715900e+04  6.915700e+04  2.025000e+04  3.238000e+04  7.292400e+04  4.527000e+04  NaN  NaN  NaN  NaN
2.714005e-04  2.698571e-02  8.072250e-02  2.153211e+00  7.063997e-01  4.829856e-02  7.430003e+00  1.362010e+07  1.831135e+02  1.271078e-04  8.779600e+04  6.506700e+04  2.207200e+04  6.234800e+04  3.760800e+04  8.992000e+03  3.470000e+02  3.619300e+04  7.487200e+04  9.580000e+02  1.747700e+04  7.349100e+04  NaN  NaN  NaN  NaN
1.374742e-02  6.924991e-03  8.079090e-02  2.153211e+00  7.063997e-01  4.829856e-02  7.430003e+00  1.362010e+07  1.831135e+02  1.271078e-04  7.623100e+04  5.306400e+04  7.090000e+04  2.959000e+03  8.373900e+04  4.161500e+04  3.667000e+03  1.532600e+04  2.124000e+03  1.316100e+04  1.373800e+04  2.923800e+04  3.671521e-01  1.072093e+01  3.894645e+01  1.667818e+01
2.737945e-02  5.213849e-03  5.025538e-02  2.153211e+00  7.063997e-01  4.829856e-02  7.430003e+00  1.362010e+07  1.831135e+02  1.271078e-04  1.292200e+04  8.172300e+04  8.601800e+04  6.499200e+04  6.486400e+04  3.213700e+04  2.112100e+04  9.728600e+04  7.751200e+04  1.119300e+04  8.711100e+04  3.892200e+04  NaN  NaN  NaN  NaN
1.001930e-02  1.601877e-02  8.647934e-02  2.153211e+00  7.063997e-01  4.829856e-02  7.430003e+00  1.362010e+07  1.831135e+02  1.271078e-04  3.888100e+04  1.827900e+04  3.215600e+04  2.496500e+04  2.260900e+04  6.436000e+03  8.036300e+04  4.599200e+04  4.464000e+04  4.081400e+04  9.738400e+04  4.645000e+04  NaN  NaN  NaN  NaN
1.781685e-02  1.061574e-02  6.528530e-02  2.153211e+00  7.063997e-01  4.829856e-02  7.430003e+00  1.362010e+07  1.831135e+02  1.271078e-04  3.496200e+04  9.563900e+04  1.104200e+04  7.753800e+04  7.591000e+03  9.253000e+04  6.207700e+04  4.939000e+04  4.385600e+04  1.066100e+04  4.156400e+04  9.603600e+04  NaN  NaN  NaN  NaN
1.098047e-02  2.610223e-02  5.242947e-02  2.153211e+00  7.063997e-01  4.829856e-02  7.430003e+00  1.362010e+07  1.831135e+02  1.271078e-04  7.195500e+04  6.705400e+04  4.628700e+04  5.391600e+04  3.369300e+04  3.963400e+04  7.666000e+03  7.389600e+04  5.850600e+04  4.715800e+04  5.590800e+04  8.557900e+04  NaN  NaN  NaN  NaN
5.638975e-03  4.031708e-03  9.738667e-02  2.153211e+00  7.063997e-01  4.829856e-02  7.430003e+00  1.362010e+07  1.831135e+02  1.271078e-04  7.851800e+04  2.458700e+04  9.180000e+02  7.791200e+04  5.893000e+04  6.775900e+04  3.032300e+04  4.129700e+04  8.130900e+04  9.467500e+04  5.810500e+04  3.045100e+04  NaN  NaN  NaN  NaN
2.785641e-02  6.743740e-03  9.357967e-02  2.153211e+00  7.063997e-01  4.829856e-02  7.430003e+00  1.362010e+07  1.831135e+02  1.271078e-04  3.316400e+04  4.786200e+04  9.013900e+04  6.560700e+04  7.667500e+04  4.141600e+04  2.781200e+04  5.710900e+04  1.082300e+04  5.945600e+04  1.511500e+04  9.340200e+04  3.126602e-01  7.979642e+00  5.203464e+01  2.010898e+01
4.659323e-03  1.586401e-02  5.594230e-02  2.153211e+00  7.063997e-01  4.829856e-02  7.430003e+00  1.362010e+07  1.831135e+02  1.271078e-04  4.786000e+03  4.557600e+04  3.591700e+04  9.256500e+04  8.997200e+04  1.510500e+04  5.165700e+04  6.522200e+04  7.317000e+04  6.055900e+04  5.319000e+04  4.264800e+04  1.949470e-01  5.543559e+00  3.799682e+01  1.457844e+01
2.318037e-02  5.079278e-03  7.354111e-02  2.153211e+00  7.063997e-01  4.829856e-02  7.430003e+00  1.362010e+07  1.831135e+02  1.271078e-04  7.436600e+04  5.365300e+04  8.224600e+04  3.920800e+04  2.620000e+02  2.957700e+04  9.672900e+04  6.496200e+04  6.314900e+04  4.165000e+03  7.549300e+04  3.861100e+04  NaN  NaN  NaN  NaN
2.730543e-02  1.519711e-02  5.136309e-02  2.153211e+00  7.063997e-01  4.829856e-02  7.430003e+00  1.362010e+07  1.831135e+02  1.271078e-04  2.191200e+04  3.440400e+04  6.250000e+04  6.421700e+04  5.055400e+04  6.051400e+04  6.107800e+04  2.357100e+04  4.151600e+04  5.280000e+02  8.577500e+04  1.209000e+04  NaN  NaN  NaN  NaN
2.485862e-03  3.753624e-03  9.865656e-02  2.153211e+00  7.063997e-01  4.829856e-02  7.430003e+00  1.362010e+07  1.831135e+02  1.271078e-04  3.904800e+04  3.989700e+04  8.705500e+04  9.450900e+04  9.521000e+03  4.169700e+04  4.248800e+04  3.039200e+04  4.291200e+04  2.477600e+04  5.583800e+04  6.849700e+04  NaN  NaN  NaN  NaN
1.356918e-02  2.511278e-02  7.490634e-02  2.153211e+00  7.063997e-01  4.829856e-02  7.430003e+00  1.362010e+07  1.831135e+02  1.271078e-04  1.876600e+04  4.231500e+04  3.196200e+04  3.946000e+03  7.552100e+04  9.130400e+04  1.850600e+04  5.604000e+03  8.123300e+04  3.574000e+04  4.900600e+04  1.340100e+04  2.635376e-01  8.433106e+00  6.115938e+01  2.328534e+01
1.399283e-03  1.041772e-02  8.046592e-02  2.153211e+00  7.063997e-01  4.829856e-02  7.430003e+00  1.362010e+07  1.831135e+02  1.271078e-04  6.181700e+04  2.205400e+04  8.142300e+04  9.984200e+04  3.529400e+04  2.557000e+04  3.311000e+04  8.835800e+04  7.862000e+04  5.325300e+04  6.415100e+04  4.846700e+04  NaN  NaN  NaN  NaN
6.848917e-03  2.795095e-02  7.272973e-02  2.153211e+00  7.063997e-01  4.829856e-02  7.430003e+00  1.362010e+07  1.831135e+02  1.271078e-04  5.269500e+04  7.635500e+04  2.491400e+04  5.952600e+04  5.602500e+04  9.532000e+04  6.949000e+03  4.565600e+04  8.667200e+04  5.908300e+04  6.081200e+04  9.731700e+04  2.308149e-01  7.689861e+00  4.145757e+01  1.645941e+01
2.002381e-02  1.638127e-02  6.895138e-02  2.153211e+00  7.063997e-01  4.829856e-02  7.430003e+00  1.362010e+07  1.831135e+02  1.271078e-04  1.925200e+04  3.060400e+04  2.356900e+04  2.113900e+04  8.137000e+04  4.017100e+04  1.844000e+03  5.243700e+04  1.875800e+04  4.181100e+04  5.665800e+04  2.307000e+04  NaN  NaN  NaN  NaN
2.128770e-02  2.060065e-02  6.789453e-02  2.153211e+00  7.063997e-01  4.829856e-02  7.430003e+00  1.362010e+07  1.831135e+02  1.271078e-04  1.795000e+03  8.414000e+04  8.820900e+04  3.547400e+04  9.082000e+04  7.346600e+04  3.531700e+04  5.366300e+04  1.285000e+03  5.620000e+04  7.969000e+04  4.144000e+03  NaN  NaN  NaN  NaN
2.446906e-03  1.800609e-02  6.129813e-02  2.153211e+00  7.063997e-01  4.829856e-02  7.430003e+00  1.362010e+07  1.831135e+02  1.271078e-04  2.832200e+04  1.071000e+04  8.686700e+04  4.433800e+04  7.497400e+04  9.271400e+04  4.727000e+04  4.295300e+04  3.964900e+04  1.183300e+04  2.539900e+04  2.061000e+04  NaN  NaN  NaN  NaN
9.537840e-03  8.327235e-03  7.764524e-02  2.153211e+00  7.063997e-01  4.829856e-02  7.430003e+00  1.362010e+07  1.831135e+02  1.271078e-04  9.495800e+04  9.907600e+04  4.525800e+04  8.111800e+04  2.123100e+04  2.845400e+04  6.937700e+04  8.267400e+04  8.153600e+04  7.282100e+04  1.603900e+04  1.666000e+03  NaN  NaN  NaN  NaN
1.540119e-02  7.840102e-03  7.661656e-02  2.153211e+00  7.063997e-01  4.829856e-02  7.430003e+00  1.362010e+07  1.831135e+02  1.271078e-04  8.842400e+04  3.955500e+04  7.360900e+04  2.078600e+04  3.106200e+04  5.992500e+04  7.983100e+04  8.701900e+04  2.342000e+03  6.997200e+04  6.136100e+04  1.997400e+04  NaN  NaN  NaN  NaN
1.680039e-02  6.235574e-03  9.717387e-02  2.153211e+00  7.063997e-01  4.829856e-02  7.430003e+00  1.362010e+07  1.831135e+02  1.271078e-04  3.400900e+04  7.966000e+04  6.021100e+04  6.378000e+03  7.345800e+04  5.744200e+04  6.374000e+03  8.333000e+03  6.537900e+04  3.086500e+04  2.314400e+04  8.191300e+04  2.882302e-01  8.524291e+00  5.179704e+01  2.020319e+01
7.925393e-03  1.510479e-02  7.307933e-02  2.153211e+00  7.063997e-01  4.829856e-02  7.430003e+00  1.362010e+07  1.831135e+02  1.271078e-04  9.626000e+04  1.092100e+04  8.244000e+04  2.741200e+04  6.059500e+04  4.829500e+04  7.230000e+02  4.093300e+04  1.598900e+04  6.021100e+04  1.498700e+04  2.875900e+04  NaN  NaN  NaN  NaN
1.002939e-02  1.436320e-02  5.700045e-02  2.153211e+00  7.063997e-01  4.829856e-02  7.430003e+00  1.362010e+07  1.831135e+02  1.271078e-04  7.389500e+04  6.753800e+04  7.930000e+04  1.172300e+04  5.098000e+04  9.834700e+04  2.577300e+04  3.586500e+04  2.353200e+04  3.711000e+03  8.260600e+04  6.048800e+04  2.897076e-01  9.588024e+00  6.730588e+01  2.572787e+01
1.264003e-02  4.759869e-03  6.109775e-02  2.153211e+00  7.063997e-01  4.829856e-02  7.430003e+00  1.362010e+07  1.831135e+02  1.271078e-04  3.088000e+03  5.597600e+04  7.580000e+04  9.632900e+04  2.127500e+04  9.310100e+04  3.879600e+04  6.809900e+04  4.862100e+04  6.374300e+04  3.464200e+04  8.042600e+04  NaN  NaN  NaN  NaN
2.650095e-03  2.299444e-02  5.979716e-02  2.153211e+00  7.063997e-01  4.829856e-02  7.430003e+00  1.362010e+07  1.831135e+02  1.271078e-04  6.252000e+04  2.059800e+04  5.855600e+04  8.563500e+04  5.266600e+04  8.434600e+04  9.006700e+04  1.822000e+04  9.744100e+04  8.237600e+04  6.686500e+04  3.435500e+04  NaN  NaN  NaN  NaN
1.448897e-02  1.914517e-02  9.251362e-02  2.153211e+00  7.063997e-01  4.829856e-02  7.430003e+00  1.362010e+07  1.831135e+02  1.271078e-04  9.692900e+04  4.298100e+04  8.081200e+04  2.965900e+04  4.663500e+04  5.883200e+04  9.170000e+03  3.835000e+04  3.658700e+04  1.334900e+04  4.176100e+04  2.460000e+02  NaN  NaN  NaN  NaN
2.059838e-02  8.465912e-03  6.340246e-02  2.153211e+00  7.063997e-01  4.829856e-02  7.430003e+00  1.362010e+07  1.831135e+02  1.271078e-04  6.084800e+04  8.636000e+04  9.469600e+04  5.196400e+04  9.962300e+04  8.785800e+04  1.123200e+04  5.692100e+04  7.177000e+04  8.678500e+04  2.114400e+04  7.550300e+04  4.714403e-01  1.657150e+01  6.820465e+01  2.841587e+01
1.072096e-02  1.392232e-03  7.254702e-02  2.153211e+00  7.063997e-01  4.829856e-02  7.430003e+00  1.362010e+07  1.831135e+02  1.271078e-04  1.683000e+04  9.848800e+04  3.790300e+04  2.078500e+04  5.275900e+04  4.289900e+04  2.230900e+04  5.404300e+04  2.384300e+04  5.098000e+04  2.041400e+04  5.632700e+04  3.974141e-01  8.442058e+00  3.980518e+01  1.621488e+01
8.200043e-03  1.450602e-02  7.377929e-02  2.153211e+00  7.063997e-01  4.829856e-02  7.430003e+00  1.362010e+07  1.831135e+02  1.271078e-04  8.920900e+04  3.552500e+04  1.237200e+04  4.644900e+04  5.284300e+04  5.895700e+04  8.060200e+04  8.416200e+04  9.550000e+04  4.988000e+04  1.771700e+04  1.637400e+04  4.199188e-01  1.594839e+01  7.905020e+01  3.180617e+01
5.501820e-03  1.058303e-03  5.372583e-02  2.153211e+00  7.063997e-01  4.829856e-02  7.430003e+00  1.362010e+07  1.831135e+02  1.271078e-04  5.214800e+04  1.710900e+04  9.565200e+04  5.613300e+04  4.198100e+04  1.548500e+04  1.852900e+04  2.628500e+04  9.502800e+04  3.250700e+04  4.023800e+04  2.406800e+04  1.897768e-01  1.099231e+00  3.146574e+00  1.478527e+00
2.080749e-02  1.305208e-02  6.832475e-02  2.153211e+00  7.063997e-01  4.829856e-02  7.430003e+00  1.362010e+07  1.831135e+02  1.271078e-04  4.671900e+04  5.666100e+04  1.690800e+04  9.717800e+04  9.362600e+04  2.633000e+03  4.311300e+04  6.010500e+04  2.395400e+04  5.177000e+04  9.042400e+04  6.069100e+04  NaN  NaN  NaN  NaN
2.780750e-02  2.295237e-02  9.114678e-02  2.153211e+00  7.063997e-01  4.829856e-02  7.430003e+00  1.362010e+07  1.831135e+02  1.271078e-04  5.713000e+03  2.591600e+04  5.776800e+04  7.374400e+04  1.422600e+04  7.438400e+04  2.499600e+04  3.170900e+04  4.852100e+04  5.419700e+04  3.248700e+04  8.621600e+04  NaN  NaN  NaN  NaN
8.315408e-03  4.038474e-03  8.873084e-02  2.153211e+00  7.063997e-01  4.829856e-02  7.430003e+00  1.362010e+07  1.831135e+02  1.271078e-04  4.439900e+04  6.000400e+04  9.996400e+04  7.563100e+04  9.593300e+04  6.035400e+04  8.638300e+04  4.689200e+04  1.176000e+03  4.339000e+04  7.589000e+03  7.467200e+04  2.915090e-01  7.911840e+00  7.685451e+01  2.835262e+01
5.690669e-03  8.619015e-03  8.597192e-02  2.153211e+00  7.063997e-01  4.829856e-02  7.430003e+00  1.362010e+07  1.831135e+02  1.271078e-04  4.972700e+04  5.648700e+04  9.413000e+03  8.721800e+04  1.194300e+04  1.805000e+04  4.443300e+04  1.707400e+04  6.446500e+04  3.896300e+04  2.516000e+04  4.485500e+04  1.625474e-01  3.603627e+00  2.112100e+01  8.295725e+00
2.675794e-02  9.028021e-03  5.123488e-02  2.153211e+00  7.063997e-01  4.829856e-02  7.430003e+00  1.362010e+07  1.831135e+02  1.271078e-04  4.141000e+04  6.764500e+04  7.212000e+04  5.067500e+04  9.147200e+04  6.844100e+04  8.270000e+04  3.509300e+04  9.085300e+04  6.502800e+04  3.024800e+04  4.742700e+04  3.030712e-01  8.409127e+00  5.485375e+01  2.118865e+01
1.398923e-02  6.239506e-03  9.111773e-02  2.153211e+00  7.063997e-01  4.829856e-02  7.430003e+00  1.362010e+07  1.831135e+02  1.271078e-04  2.191500e+04  6.926800e+04  7.374000e+04  7.771300e+04  3.142000e+04  9.444200e+04  7.770500e+04  6.981400e+04  6.277500e+04  4.804100e+04  3.019400e+04  5.403500e+04  NaN  NaN  NaN  NaN
2.055772e-03  1.834013e-02  7.842983e-02  2.153211e+00  7.063997e-01  4.829856e-02  7.430003e+00  1.362010e+07  1.831135e+02  1.271078e-04  7.733700e+04  8.868500e+04  3.264200e+04  7.386200e+04  3.484200e+04  2.108900e+04  9.686300e+04  5.309100e+04  5.406000e+04  8.491000e+03  3.909400e+04  6.807800e+04  NaN  NaN  NaN  NaN
1.142400e-02  1.834006e-02  8.923241e-02  2.153211e+00  7.063997e-01  4.829856e-02  7.430003e+00  1.362010e+07  1.831135e+02  1.271078e-04  7.714000e+03  8.430600e+04  7.242000e+03  5.541000e+03  3.653900e+04  6.093000e+04  7.395500e+04  6.627100e+04  5.396000e+03  7.619200e+04  2.942600e+04  3.558000e+04  NaN  NaN  NaN  NaN
5.079136e-03  9.768780e-04  9.918971e-02  2.153211e+00  7.063997e-01  4.829856e-02  7.430003e+00  1.362010e+07  1.831135e+02  1.271078e-04  8.977200e+04  6.360500e+04  7.578800e+04  9.291100e+04  2.860200e+04  4.212500e+04  7.036700e+04  1.410400e+04  8.430700e+04  2.148200e+04  3.667100e+04  4.970100e+04  2.791384e-01  5.220024e+00  3.036274e+01  1.195397e+01
9.496585e-03  1.375544e-02  8.570836e-02  2.153211e+00  7.063997e-01  4.829856e-02  7.430003e+00  1.362010e+07  1.831135e+02  1.271078e-04  2.525000e+04  5.895000e+03  9.242600e+04  1.147500e+04  7.139800e+04  6.463500e+04  4.310700e+04  1.407100e+04  4.167000e+03  3.845700e+04  9.671900e+04  5.672600e+04  2.867228e-01  9.689786e+00  6.817449e+01  2.605033e+01
2.434645e-02  1.654188e-02  6.896780e-02  2.153211e+00  7.063997e-01  4.829856e-02  7.430003e+00  1.362010e+07  1.831135e+02  1.271078e-04  6.541000e+04  9.760000e+02  2.830100e+04  9.420000e+02  5.805600e+04  1.906200e+04  1.857400e+04  2.273500e+04  3.923800e+04  6.291300e+04  2.001800e+04  9.719400e+04  2.290106e-01  6.549705e+00  3.121057e+01  1.266310e+01
1.727000e-02  1.412262e-02  5.761253e-02  2.153211e+00  7.063997e-01  4.829856e-02  7.430003e+00  1.362010e+07  1.831135e+02  1.271078e-04  3.541000e+04  5.252700e+04  2.601900e+04  9.374500e+04  6.305700e+04  2.803700e+04  3.046300e+04  6.939000e+03  2.237400e+04  6.984400e+04  2.077700e+04  9.959800e+04  NaN  NaN  NaN  NaN
4.554807e-03  7.271810e-03  5.675197e-02  2.153211e+00  7.063997e-01  4.829856e-02  7.430003e+00  1.362010e+07  1.831135e+02  1.271078e-04  3.392800e+04  9.439000e+04  4.071400e+04  2.941300e+04  1.885700e+04  6.052600e+04  4.742900e+04  7.616100e+04  7.961800e+04  4.726100e+04  3.888100e+04  6.690400e+04  3.753891e-01  1.253245e+01  4.772109e+01  2.020964e+01
3.422083e-03  1.192670e-02  6.293840e-02  2.153211e+00  7.063997e-01  4.829856e-02  7.430003e+00  1.362010e+07  1.831135e+02  1.271078e-04  5.569000e+03  9.770600e+04  1.709500e+04  3.703500e+04  3.283400e+04  2.140000e+03  5.878200e+04  3.217900e+04  7.405700e+04  3.657400e+04  7.687800e+04  5.624400e+04  NaN  NaN  NaN  NaN
3.066712e-04  1.915250e-02  8.157562e-02  2.153211e+00  7.063997e-01  4.829856e-02  7.430003e+00  1.362010e+07  1.831135e+02  1.271078e-04  9.846400e+04  4.344500e+04  3.100400e+04  1.213200e+04  4.957300e+04  7.244700e+04  1.376400e+04  7.682600e+04  3.924500e+04  7.793500e+04  3.874200e+04  9.951100e+04  NaN  NaN  NaN  NaN
7.260407e-03  4.605731e-03  6.357133e-02  2.153211e+00  7.063997e-01  4.829856e-02  7.430003e+00  1.362010e+07  1.831135e+02  1.271078e-04  6.476700e+04  6.355100e+04  3.714200e+04  4.377200e+04  2.732200e+04  5.120100e+04  1.810000e+03  4.016200e+04  7.948300e+04  4.538500e+04  1.795200e+04  5.019400e+04  2.361312e-01  7.077632e+00  4.603900e+01  1.778426e+01
2.206215e-02  2.388251e-02  5.299042e-02  2.153211e+00  7.063997e-01  4.829856e-02  7.430003e+00  1.362010e+07  1.831135e+02  1.271078e-04  3.221100e+04  2.001000e+03  9.498000e+04  7.302700e+04  8.891800e+04  6.322700e+04  8.511100e+04  1.130000e+04  4.041500e+04  5.722000e+03  2.023500e+04  6.782200e+04  NaN  NaN  NaN  NaN
2.750684e-02  1.445331e-02  7.062757e-02  2.153211e+00  7.063997e-01  4.829856e-02  7.430003e+00  1.362010e+07  1.831135e+02  1.271078e-04  7.021900e+04  8.545900e+04  3.702600e+04  9.698800e+04  4.885900e+04  7.785000e+04  9.942700e+04  9.461000e+03  5.159200e+04  1.659500e+04  9.102800e+04  5.072100e+04  3.463406e-01  1.009702e+01  6.455639e+01  2.499992e+01
4.146210e-03  2.702534e-04  7.766132e-02  2.153211e+00  7.063997e-01  4.829856e-02  7.430003e+00  1.362010e+07  1.831135e+02  1.271078e-04  9.383000e+04  4.320900e+04  8.951200e+04  3.987900e+04  8.149200e+04  4.025000e+03  3.390000e+04  4.921100e+04  3.947200e+04  9.079800e+04  8.836700e+04  7.394200e+04  2.962481e-01  3.289996e-01  1.037889e-01  2.430122e-01
9.550065e-04  3.631949e-03  9.911484e-02  2.153211e+00  7.063997e-01  4.829856e-02  7.430003e+00  1.362010e+07  1.831135e+02  1.271078e-04  7.906500e+04  4.796000e+03  7.280700e+04  4.290900e+04  8.628200e+04  7.014600e+04  5.840100e+04  9.541100e+04  2.348400e+04  6.729000e+03  1.767900e+04  3.230600e+04  NaN  NaN  NaN  NaN
2.080993e-02  1.982922e-02  7.812161e-02  2.153211e+00  7.063997e-01  4.829856e-02  7.430003e+00  1.362010e+07  1.831135e+02  1.271078e-04  3.021000e+04  2.666200e+04  6.567300e+04  2.210600e+04  2.925500e+04  4.057600e+04  5.693500e+04  4.956000e+04  9.650400e+04  3.001900e+04  1.575700e+04  1.606000e+03  NaN  NaN  NaN  NaN
2.037572e-02  6.476979e-03  5.428502e-02  2.153211e+00  7.063997e-01  4.829856e-02  7.430003e+00  1.362010e+07  1.831135e+02  1.271078e-04  7.144500e+04  2.156000e+04  1.040600e+04  4.305000e+04  3.903100e+04  1.297500e+04  9.337900e+04  5.349000e+03  1.742900e+04  2.604400e+04  2.396400e+04  2.939200e+04  NaN  NaN  NaN  NaN
1.944935e-02  1.757975e-02  8.954404e-02  2.153211e+00  7.063997e-01  4.829856e-02  7.430003e+00  1.362010e+07  1.831135e+02  1.271078e-04  5.219800e+04  5.170100e+04  4.324800e+04  2.566800e+04  2.482200e+04  6.448300e+04  4.655700e+04  8.301800e+04  9.750100e+04  3.708700e+04  4.267800e+04  1.823700e+04  4.526338e-01  1.553274e+01  1.025945e+02  3.952663e+01
2.103979e-02  2.499712e-02  7.177350e-02  2.153211e+00  7.063997e-01  4.829856e-02  7.430003e+00  1.362010e+07  1.831135e+02  1.271078e-04  3.239400e+04  3.365000e+04  8.401300e+04  9.123500e+04  6.996200e+04  1.470300e+04  5.619100e+04  3.536700e+04  2.732900e+04  7.025300e+04  1.837600e+04  3.071100e+04  3.167021e-01  1.027194e+01  4.637819e+01  1.898895e+01
8.560508e-03  2.477626e-02  8.866658e-02  2.153211e+00  7.063997e-01  4.829856e-02  7.430003e+00  1.362010e+07  1.831135e+02  1.271078e-04  8.936200e+04  6.151700e+04  4.721000e+04  7.702900e+04  2.878800e+04  6.741000e+04  8.546100e+04  8.452300e+04  6.338100e+04  2.080400e+04  5.464000e+03  1.583000e+03  2.319835e-01  8.254629e+00  6.658782e+01  2.502481e+01
2.909301e-02  2.904477e-03  6.220375e-02  2.153211e+00  7.063997e-01  4.829856e-02  7.430003e+00  1.362010e+07  1.831135e+02  1.271078e-04  2.654000e+03  2.120900e+04  4.089000e+03  5.170000e+04  6.912700e+04  5.949800e+04  5.596700e+04  6.949700e+04  7.375700e+04  7.290400e+04  8.828800e+04  9.096200e+04  NaN  NaN  NaN  NaN
2.333318e-02  5.134912e-03  8.772262e-02  2.153211e+00  7.063997e-01  4.829856e-02  7.430003e+00  1.362010e+07  1.831135e+02  1.271078e-04  9.281500e+04  3.119000e+03  8.735100e+04  2.060700e+04  3.011900e+04  7.181100e+04  7.390700e+04  9.859200e+04  9.024500e+04  8.788600e+04  9.650000e+03  7.778300e+04  3.568290e-01  9.188410e+00  5.571033e+01  2.175185e+01
1.221679e-02  2.173372e-02  9.339404e-02  2.153211e+00  7.063997e-01  4.829856e-02  7.430003e+00  1.362010e+07  1.831135e+02  1.271078e-04  4.000000e+00  5.407000e+03  5.568500e+04  2.489400e+04  2.653400e+04  2.494900e+04  4.562100e+04  9.465000e+03  4.875500e+04  9.627300e+04  8.763000e+04  3.203000e+03  3.107971e-01  1.015172e+01  4.268691e+01  1.771648e+01
1.472018e-02  2.605141e-03  5.283458e-02  2.153211e+00  7.063997e-01  4.829856e-02  7.430003e+00  1.362010e+07  1.831135e+02  1.271078e-04  2.729300e+04  8.608300e+04  1.012100e+04  1.649200e+04  2.956100e+04  7.828000e+03  5.064000e+04  4.036200e+04  1.514000e+04  6.170100e+04  4.404900e+04  2.905800e+04  NaN  NaN  NaN  NaN
2.613767e-03  2.441838e-02  9.505447e-02  2.153211e+00  7.063997e-01  4.829856e-02  7.430003e+00  1.362010e+07  1.831135e+02  1.271078e-04  3.661900e+04  9.952000e+04  4.135900e+04  5.781200e+04  9.473500e+04  3.937500e+04  3.896300e+04  3.354000e+04  2.305300e+04  5.514000e+03  9.837100e+04  6.812400e+04  NaN  NaN  NaN  NaN
8.360041e-03  4.208593e-03  9.337901e-02  2.153211e+00  7.063997e-01  4.829856e-02  7.430003e+00  1.362010e+07  1.831135e+02  1.271078e-04  8.264500e+04  2.737500e+04  1.724100e+04  7.710900e+04  6.145300e+04  5.451600e+04  3.750500e+04  3.438600e+04  7.397500e+04  7.028300e+04  3.859100e+04  4.448200e+04  NaN  NaN  NaN  NaN
2.829433e-02  1.050513e-02  6.990455e-02  2.153211e+00  7.063997e-01  4.829856e-02  7.430003e+00  1.362010e+07  1.831135e+02  1.271078e-04  6.646000e+04  1.311200e+04  6.454900e+04  7.013800e+04  1.228900e+04  3.364600e+04  6.234000e+04  9.759000e+04  4.830000e+02  2.768200e+04  6.644000e+03  2.341400e+04  3.780082e-01  9.340478e+00  3.767253e+01  1.579701e+01
5.677913e-04  1.185861e-03  7.372407e-02  2.153211e+00  7.063997e-01  4.829856e-02  7.430003e+00  1.362010e+07  1.831135e+02  1.271078e-04  9.981700e+04  2.303900e+04  2.086800e+04  4.972400e+04  2.116800e+04  9.633000e+04  3.750500e+04  9.171000e+04  1.318500e+04  7.421500e+04  3.194000e+04  9.258800e+04  NaN  NaN  NaN  NaN
2.603276e-02  1.208585e-02  8.540260e-02  2.153211e+00  7.063997e-01  4.829856e-02  7.430003e+00  1.362010e+07  1.831135e+02  1.271078e-04  2.693200e+04  1.357200e+04  6.014400e+04  5.492000e+03  6.721600e+04  5.145100e+04  6.861400e+04  6.986400e+04  6.347600e+04  5.853900e+04  7.240100e+04  2.421200e+04  NaN  NaN  NaN  NaN
1.910225e-02  2.234110e-02  8.319101e-02  2.153211e+00  7.063997e-01  4.829856e-02  7.430003e+00  1.362010e+07  1.831135e+02  1.271078e-04  9.919200e+04  7.716700e+04  1.677200e+04  7.786700e+04  4.047400e+04  8.108700e+04  2.082000e+03  1.667300e+04  3.110300e+04  3.103400e+04  8.439100e+04  4.693900e+04  NaN  NaN  NaN  NaN
6.587403e-03  7.559244e-03  9.566838e-02  2.153211e+00  7.063997e-01  4.829856e-02  7.430003e+00  1.362010e+07  1.831135e+02  1.271078e-04  5.105900e+04  8.567600e+04  2.489000e+04  5.078700e+04  2.650300e+04  1.121000e+04  8.048000e+03  2.552300e+04  8.118000e+03  5.888400e+04  6.941000e+04  1.755700e+04  4.388036e-01  1.600037e+01  8.301448e+01  3.315122e+01
8.528409e-03  1.411764e-02  8.845617e-02  2.153211e+00  7.063997e-01  4.829856e-02  7.430003e+00  1.362010e+07  1.831135e+02  1.271078e-04  2.318600e+04  9.472900e+04  4.769700e+04  8.464600e+04  3.262700e+04  1.949000e+04  8.748100e+04  4.826700e+04  5.378000e+04  4.837000e+03  4.119000e+03  2.665600e+04  NaN  NaN  NaN  NaN
2.159892e-02  8.250043e-04  9.798446e-02  2.153211e+00  7.063997e-01  4.829856e-02  7.430003e+00  1.362010e+07  1.831135e+02  1.271078e-04  7.502100e+04  8.507100e+04  6.572500e+04  2.445800e+04  8.242200e+04  7.992200e+04  5.082400e+04  5.282800e+04  1.006700e+04  7.558700e+04  9.178000e+03  6.958200e+04  7.218630e-01  1.404874e+01  3.601225e+01  1.692762e+01
2.220534e-02  1.738630e-03  5.903865e-02  2.153211e+00  7.063997e-01  4.829856e-02  7.430003e+00  1.362010e+07  1.831135e+02  1.271078e-04  8.503000e+03  4.623600e+04  5.843300e+04  3.000000e+01  9.484700e+04  3.399500e+04  6.376500e+04  6.771100e+04  9.404400e+04  4.311000e+04  2.375800e+04  7.775000e+03  4.638139e-01  8.661047e+00  3.589443e+01  1.500643e+01
1.851532e-03  1.262303e-02  5.706405e-02  2.153211e+00  7.063997e-01  4.829856e-02  7.430003e+00  1.362010e+07  1.831135e+02  1.271078e-04  9.275800e+04  8.092500e+04  5.636100e+04  5.700500e+04  6.032500e+04  9.543800e+04  7.143600e+04  7.362000e+04  7.888100e+04  6.416900e+04  9.613600e+04  4.193600e+04  2.918054e-01  9.506764e+00  5.406646e+01  2.128834e+01
1.661260e-03  1.768741e-02  6.962788e-02  2.153211e+00  7.063997e-01  4.829856e-02  7.430003e+00  1.362010e+07  1.831135e+02  1.271078e-04  1.092600e+04  1.228900e+04  6.902500e+04  2.649800e+04  9.910200e+04  3.578900e+04  3.632300e+04  8.620300e+04  3.740800e+04  1.682000e+03  1.519200e+04  8.731000e+03  1.441451e-01  3.379809e+00  2.591019e+01  9.811382e+00
2.521515e-03  2.434046e-02  7.765400e-02  2.153211e+00  7.063997e-01  4.829856e-02  7.430003e+00  1.362010e+07  1.831135e+02  1.271078e-04  2.435000e+04  5.311000e+03  8.722000e+03  7.834700e+04  5.646000e+03  4.067800e+04  1.787000e+04  6.895600e+04  2.598400e+04  5.419200e+04  8.013300e+04  2.949300e+04  NaN  NaN  NaN  NaN
1.268515e-03  1.409512e-04  5.328040e-02  2.153211e+00  7.063997e-01  4.829856e-02  7.430003e+00  1.362010e+07  1.831135e+02  1.271078e-04  8.842400e+04  9.773800e+04  5.653200e+04  3.912500e+04  1.187700e+04  4.719700e+04  5.641700e+04  1.296800e+04  7.397000e+04  4.111700e+04  2.560700e+04  7.220000e+02  NaN  NaN  NaN  NaN
9.105301e-03  2.396534e-02  8.614825e-02  2.153211e+00  7.063997e-01  4.829856e-02  7.430003e+00  1.362010e+07  1.831135e+02  1.271078e-04  7.922100e+04  5.713500e+04  6.825200e+04  6.354400e+04  4.564700e+04  5.869600e+04  7.894000e+04  3.210900e+04  9.219800e+04  3.107700e+04  3.704000e+03  1.688500e+04  NaN  NaN  NaN  NaN
2.991081e-02  1.135818e-02  7.775925e-02  2.153211e+00  7.063997e-01  4.829856e-02  7.430003e+00  1.362010e+07  1.831135e+02  1.271078e-04  4.830800e+04  7.849300e+04  3.287000e+03  6.244400e+04  2.192200e+04  3.906400e+04  3.349100e+04  1.974300e+04  8.525600e+04  9.294200e+04  1.183600e+04  3.606200e+04  NaN  NaN  NaN  NaN
