9.909836e-03  1.255738e-02  9.534991e-02  4.829269e+00  2.603504e-01  4.366951e-03  7.261905e+00  6.383500e+04  5.194700e+04  1.397900e+04  3.256725e+00  1.511488e+02  2.155945e+03  7.701169e+02
1.765934e-02  2.092733e-02  7.304382e-02  4.284809e+00  8.169319e-01  2.188109e-03  8.654103e+00  1.348600e+04  6.743900e+04  9.301400e+04  1.509264e+00  5.070626e+01  1.397351e+03  4.831887e+02
1.348400e-02  1.923078e-02  5.813319e-02  4.979025e+00  3.417778e-01  3.274213e-03  5.652582e+00  3.241200e+04  7.850000e+02  9.383100e+04  3.162789e+00  1.403075e+02  2.017498e+03  7.203227e+02
1.894933e-02  2.326371e-02  5.132963e-02  2.981059e+00  5.221299e-01  3.225519e-02  1.592182e+00  9.730100e+04  7.104400e+04  3.614100e+04  2.080811e+00  9.079654e+01  1.074485e+02  6.677529e+01
1.321383e-02  4.767717e-03  9.117656e-02  2.688323e+00  9.125644e-01  2.746018e-02  2.772511e+00  7.101100e+04  4.429100e+04  3.971900e+04  6.688138e-01  2.392709e+01  5.540061e+01  2.666551e+01
2.020530e-02  2.796873e-02  9.463878e-02  4.076108e+00  3.299817e-01  2.251302e-02  2.249146e+00  6.539700e+04  2.620700e+04  9.624600e+04  2.793019e+00  1.333391e+02  2.714427e+02  1.358583e+02
5.639450e-03  1.631382e-02  8.833679e-02  3.472297e+00  4.873051e-01  2.116810e-03  1.549552e+00  3.569500e+04  1.897100e+04  3.684600e+04  3.945021e+00  1.985143e+02  1.371357e+03  5.246056e+02
8.180427e-03  6.253918e-03  6.004024e-02  3.822857e+00  8.570062e-01  2.471306e-02  3.340967e+00  3.421100e+04  6.070600e+04  5.348900e+04  9.024578e-01  3.381750e+01  9.451608e+01  4.307868e+01
2.536457e-02  8.613267e-03  9.213789e-02  1.422384e+00  9.312955e-01  6.368583e-04  1.710938e+00  6.523100e+04  9.806900e+04  9.821300e+04  1.833942e+00  6.615851e+01  6.993477e+02  2.557801e+02
2.360996e-02  1.058755e-02  9.582399e-02  3.214770e+00  7.492953e-01  4.433470e-02  2.887883e+00  3.414200e+04  6.595600e+04  9.603600e+04  6.840588e-01  2.829091e+01  7.101443e+01  3.332980e+01
2.915431e-02  2.517950e-02  8.636338e-02  3.621673e+00  9.569736e-01  2.225307e-02  8.969266e+00  7.909000e+04  2.693600e+04  4.063900e+04  3.078311e-01  1.883827e+01  2.819343e+02  1.003601e+02
1.012848e-02  5.400314e-03  6.791545e-02  1.438221e+00  3.130348e-01  1.459133e-02  2.071368e+00  1.454200e+04  6.426500e+04  3.249900e+04  2.491085e+00  1.106213e+02  2.421434e+02  1.184186e+02
7.196715e-03  1.637659e-02  7.131245e-02  2.835791e+00  3.618628e-01  1.660479e-02  1.027103e+00  9.750000e+02  4.432300e+04  6.220000e+04  4.145757e+00  2.450393e+02  1.903400e+02  1.465084e+02
2.032414e-02  2.009455e-02  6.136337e-02  3.346117e+00  3.099084e-01  2.692689e-02  8.244672e+00  8.486300e+04  6.759600e+04  8.795800e+04  1.602193e+00  6.743192e+01  4.704735e+02  1.798359e+02
2.718968e-02  1.282458e-02  8.843541e-02  2.322229e+00  8.571389e-01  2.723197e-02  5.157305e+00  5.706800e+04  4.100000e+04  5.992600e+04  2.943745e-01  1.898139e+01  1.261149e+02  4.846356e+01
4.842338e-03  1.092667e-02  9.007690e-02  1.338716e+00  6.765842e-01  3.369452e-02  8.642123e+00  2.005100e+04  9.986900e+04  8.445900e+04  1.746974e-01  6.769453e+00  1.085095e+02  3.848454e+01
2.650885e-03  1.268331e-02  9.851613e-02  3.152153e+00  8.955765e-01  4.392682e-02  5.012851e+00  3.167400e+04  2.194300e+04  9.334300e+04  6.524416e-02  1.099319e+01  7.112949e+01  2.739598e+01
2.506980e-02  2.566702e-02  8.136298e-02  4.298110e+00  7.931648e-01  4.169987e-02  2.645139e+00  3.874900e+04  7.266000e+04  8.998400e+04  9.297904e-01  3.685130e+01  1.039944e+02  4.725851e+01
3.515131e-03  2.718183e-03  5.685810e-02  4.558237e+00  5.827333e-01  2.129053e-02  7.005454e+00  3.782000e+03  1.526600e+04  1.986000e+03  1.179936e+00  4.557565e+01  2.057560e+02  8.417054e+01
1.328694e-02  2.034981e-02  8.906653e-02  1.175002e+00  4.963450e-01  3.395620e-02  2.997187e+00  7.662400e+04  9.653600e+04  9.843300e+04  6.234780e-01  2.600722e+01  1.002187e+02  4.228313e+01
2.028772e-02  2.573250e-03  5.723059e-02  3.298372e+00  3.885826e-01  2.661441e-03  2.958805e+00  8.608200e+04  2.904100e+04  2.788500e+04  3.342366e+00  1.576415e+02  1.096031e+03  4.190049e+02
4.743936e-03  1.881461e-02  9.937160e-02  1.922357e+00  4.566054e-01  3.486404e-02  6.720098e+00  7.246900e+04  3.819500e+04  1.527200e+04  5.779323e-01  2.412773e+01  2.148306e+02  7.984543e+01
2.479685e-02  2.600954e-02  5.532215e-02  1.259121e+00  3.658470e-01  2.932329e-02  3.683941e+00  8.954700e+04  6.222300e+04  4.530000e+04  1.049436e+00  3.993311e+01  1.606412e+02  6.720793e+01
1.878041e-02  1.439730e-02  6.792442e-02  2.826312e+00  7.398700e-01  3.162677e-02  8.579447e+00  9.495300e+04  2.638900e+04  1.577600e+04  2.170296e-01  1.550134e+01  1.710150e+02  6.224446e+01
2.589677e-02  5.576393e-03  6.985966e-02  1.165553e+00  4.663876e-01  1.709737e-02  4.624815e+00  2.873000e+04  1.776600e+04  4.932200e+04  9.382305e-01  3.752226e+01  2.286981e+02  8.905286e+01
8.302194e-03  1.433624e-02  6.073445e-02  2.535342e+00  2.702558e-01  3.000097e-03  5.524746e+00  4.618900e+04  3.692300e+04  7.850400e+04  3.047105e+00  1.305817e+02  1.989267e+03  7.076321e+02
1.402177e-02  1.081155e-02  7.922188e-02  1.596661e+00  5.403920e-01  4.968626e-02  7.625256e+00  7.185200e+04  6.458000e+04  1.446200e+04  1.813312e-02  1.093483e+01  9.495601e+01  3.530299e+01
2.417192e-02  1.618395e-02  8.392379e-02  4.001229e+00  9.902575e-01  9.168846e-03  6.469041e+00  9.600900e+04  9.145300e+04  8.676100e+04  9.081493e-01  3.419618e+01  4.681661e+02  1.677568e+02
1.181780e-03  1.159662e-02  8.597771e-02  4.162722e+00  8.711064e-01  2.718809e-02  5.280535e+00  3.137700e+04  3.073300e+04  6.538200e+04  5.535645e-01  2.270246e+01  1.518900e+02  5.838202e+01
1.305864e-02  1.340152e-03  7.399042e-02  4.940081e+00  7.589664e-01  5.270298e-04  2.769559e+00  3.523200e+04  2.295000e+04  4.470100e+04  2.950129e+00  1.269467e+02  7.597450e+02  2.965473e+02
2.930137e-02  6.667813e-04  5.604938e-02  3.541072e+00  3.555884e-01  5.796694e-03  8.920026e+00  3.124000e+04  6.071600e+04  2.231600e+04  2.282479e+00  1.221018e+02  7.071325e+02  2.771722e+02
1.917803e-02  1.994819e-02  9.327761e-02  2.280338e+00  6.726847e-01  3.481600e-02  2.125974e+00  4.686600e+04  8.276000e+03  1.702200e+04  9.735163e-01  3.780807e+01  8.904274e+01  4.260811e+01
2.028219e-02  2.424663e-02  8.608875e-02  3.636150e+00  7.051162e-01  4.448086e-02  7.851895e+00  6.733800e+04  2.778600e+04  2.873500e+04  2.246326e-01  1.624923e+01  1.718487e+02  6.277419e+01
2.275428e-02  2.098247e-02  8.381198e-02  4.200813e+00  9.688732e-01  1.660511e-02  2.443260e+00  6.814800e+04  8.328600e+04  7.620000e+04  1.324243e+00  5.094110e+01  2.108787e+02  8.771468e+01
2.809810e-02  2.049675e-02  9.163298e-02  3.846512e+00  8.172994e-01  2.556770e-03  9.215339e+00  6.667000e+03  1.895900e+04  7.307400e+04  1.436264e+00  5.239270e+01  1.451543e+03  5.017906e+02
1.437247e-03  1.793704e-02  8.339113e-02  4.503379e+00  9.911401e-01  3.396473e-02  9.181412e+00  8.356000e+03  6.431800e+04  5.963800e+04  3.607735e-02  1.026435e+01  1.425930e+02  5.096446e+01
1.712135e-02  9.008773e-03  9.366975e-02  1.673890e+00  9.956283e-01  8.721928e-03  5.332082e+00  9.459800e+04  3.693500e+04  3.236100e+04  4.148601e-01  2.018907e+01  2.514964e+02  9.070010e+01
7.608538e-03  1.958612e-02  5.232092e-02  4.488876e+00  6.224873e-01  2.406880e-02  8.894245e+00  7.526000e+03  1.900000e+04  9.235700e+04  8.832398e-01  3.415145e+01  3.927789e+02  1.426045e+02
6.702881e-03  1.654763e-03  5.630704e-02  2.129558e+00  8.973219e-01  6.725442e-04  2.699631e+00  4.917400e+04  6.435300e+04  5.950800e+04  1.861880e+00  6.342802e+01  3.960934e+02  1.537944e+02
9.262706e-03  2.956411e-02  8.547077e-02  3.033804e+00  6.392364e-01  3.718516e-02  6.616024e+00  8.467300e+04  7.553800e+04  6.472200e+04  4.264920e-01  2.021016e+01  2.145819e+02  7.840618e+01
1.841410e-02  9.011136e-03  7.479972e-02  3.869038e+00  7.711189e-01  4.118419e-02  2.674800e+00  7.285100e+04  1.363600e+04  6.309100e+04  8.688478e-01  3.450979e+01  6.807111e+01  3.448325e+01
2.966057e-02  2.233421e-02  8.033419e-02  4.288826e+00  7.455141e-01  3.132643e-02  8.252361e+00  9.843100e+04  4.295900e+04  1.125300e+04  4.458072e-01  2.215625e+01  2.391447e+02  8.724892e+01
4.576710e-03  1.988238e-02  7.601920e-02  1.387870e+00  7.128631e-01  7.795933e-03  7.736066e+00  2.031000e+03  3.689800e+04  7.397300e+04  5.261405e-01  1.906191e+01  5.907463e+02  2.034448e+02
4.576710e-03  1.988238e-02  7.601920e-02  1.387870e+00  7.128631e-01  7.795933e-03  7.736066e+00  1.700100e+04  3.007100e+04  8.125200e+04  5.139378e-01  1.880435e+01  5.828005e+02  2.007063e+02
2.783126e-02  1.129897e-03  7.355504e-02  1.337902e+00  7.771251e-01  4.176566e-02  3.852191e+00  5.362500e+04  1.661100e+04  9.682700e+04  5.425685e-01  1.835537e+01  1.747445e+01  1.212413e+01
2.659814e-02  2.727125e-03  8.854653e-02  2.171592e+00  9.634759e-01  4.558551e-02  1.280826e+00  1.968400e+04  7.505700e+04  8.740000e+02  2.816543e+00  3.127503e+01  9.571567e+00  1.455438e+01
1.010944e-02  2.441220e-02  7.709078e-02  3.774416e+00  5.580970e-01  4.139044e-02  1.692111e+00  9.944500e+04  7.122500e+04  5.486200e+04  1.832259e+00  7.579408e+01  8.924520e+01  5.562385e+01
2.320310e-02  2.919650e-02  5.316132e-02  3.092660e+00  4.367933e-01  2.824097e-02  9.160006e+00  7.124200e+04  8.841500e+04  4.009500e+04  8.943748e-01  3.603869e+01  4.330685e+02  1.566672e+02
1.817835e-02  2.170451e-02  9.737043e-02  3.805464e+00  5.378619e-01  1.709682e-02  6.093044e+00  2.120100e+04  1.990100e+04  7.022500e+04  1.388658e+00  5.371678e+01  5.742431e+02  2.097829e+02
2.633890e-03  1.137322e-02  8.307910e-02  4.626453e+00  3.768158e-01  2.226149e-02  4.450656e+00  2.656300e+04  4.141200e+04  1.687400e+04  2.033655e+00  8.504384e+01  3.627664e+02  1.499480e+02
1.186397e-02  2.228501e-03  9.097500e-02  1.443266e+00  2.737553e-01  4.898129e-02  1.375323e+00  6.341000e+04  9.087200e+04  9.334400e+04  2.870250e+00  1.396863e+02  3.364065e+01  5.873238e+01
6.991087e-03  3.442086e-04  7.549629e-02  1.296714e+00  9.903789e-01  1.545169e-02  3.016379e+00  7.035100e+04  7.027900e+04  5.145300e+04  4.436729e-01  6.106444e+00  3.091374e+00  3.213830e+00
1.163370e-03  2.982214e-02  9.663585e-02  1.011586e+00  9.633191e-01  1.630004e-02  1.673166e+00  3.814000e+04  3.593400e+04  5.298400e+04  3.153098e-01  1.565438e+01  1.133860e+02  4.311858e+01
4.543908e-03  1.695703e-02  7.391172e-02  1.118102e+00  9.982038e-01  1.496109e-02  1.033377e+00  7.528200e+04  6.330900e+04  8.810200e+04  1.002098e+00  3.233666e+01  7.891855e+01  3.741910e+01
2.219261e-02  2.975841e-02  8.248924e-02  1.215280e+00  9.630015e-01  4.974665e-02  2.808215e+00  2.229500e+04  4.260000e+02  6.155700e+04  1.550467e-01  4.584026e+00  2.671740e+01  1.048549e+01
1.511374e-02  1.975587e-03  5.761416e-02  4.792190e+00  9.815249e-01  4.985074e-02  9.048245e+00  4.414100e+04  3.496300e+04  8.647900e+04  1.262971e-01  1.180566e+00  3.279826e+00  1.528896e+00
2.415623e-02  2.976819e-02  6.527861e-02  1.546115e+00  2.515650e-01  4.927499e-02  1.951557e+00  7.443300e+04  4.746000e+04  3.114000e+04  1.918301e+00  8.156524e+01  6.069596e+01  4.805984e+01
5.143793e-03  1.170012e-03  5.258740e-02  1.675257e+00  8.734471e-01  1.187467e-02  9.501271e+00  8.779600e+04  6.506700e+04  2.207200e+04  1.123810e-01  1.250275e+01  6.244820e+01  2.502111e+01
9.766487e-03  4.858028e-04  5.432313e-02  1.100258e+00  7.784469e-01  1.081191e-02  1.577020e+00  8.665600e+04  9.242100e+04  4.732000e+04  1.811626e+00  3.962651e+01  2.414828e+01  2.186214e+01
1.114312e-02  7.550825e-04  7.733990e-02  2.025770e+00  9.870328e-01  2.907986e-02  9.872103e+00  1.267800e+04  5.989600e+04  7.409100e+04  3.430501e-01  2.471904e+00  6.104400e+00  2.973118e+00
2.076747e-02  3.557568e-04  7.139050e-02  1.232462e+00  2.548749e-01  3.158108e-02  1.937453e+00  8.749800e+04  1.518000e+04  1.626700e+04  2.635646e+00  1.485742e+02  5.305350e+01  6.808777e+01
7.879900e-04  3.242718e-03  9.287783e-02  1.089440e+00  6.081258e-01  2.114045e-02  2.153892e+00  8.992000e+03  3.470000e+02  3.619300e+04  8.725849e-01  3.275192e+01  8.229143e+01  3.863865e+01
1.106116e-02  2.212767e-03  7.705673e-02  1.403646e+00  9.971402e-01  4.983664e-02  9.275945e+00  7.484200e+04  2.365900e+04  1.399800e+04  5.014784e-01  2.972198e-01  4.262736e+00  1.687145e+00
3.714006e-04  2.997402e-02  5.821016e-02  1.198232e+00  6.940673e-01  4.897292e-02  1.043568e+00  9.808500e+04  1.691400e+04  9.797400e+04  1.295922e+00  4.102016e+01  2.718209e+01  2.316606e+01
2.942551e-02  1.083015e-03  8.880921e-02  4.293577e+00  9.982477e-01  3.122266e-02  5.082700e+00  8.957800e+04  5.449300e+04  8.134100e+04  7.648533e-01  2.273520e+01  2.047473e+01  1.465826e+01
2.975446e-02  2.188123e-03  5.479166e-02  2.359421e+00  9.999584e-01  1.414982e-02  2.783028e+00  1.747700e+04  7.349100e+04  8.326600e+04  9.503126e-01  2.735131e+01  4.729388e+01  2.519850e+01
1.812558e-04  9.161199e-04  6.617912e-02  1.082803e+00  7.423386e-01  4.994545e-02  7.975014e+00  1.984700e+04  2.509300e+04  5.438100e+04  4.585588e-01  9.674695e-01  8.170118e-01  7.476801e-01
5.304003e-03  1.913569e-02  7.208681e-02  1.022508e+00  9.916431e-01  4.973438e-02  3.255141e+00  5.935200e+04  9.001000e+04  2.538100e+04  2.228394e-01  1.074447e+00  9.382218e+00  3.559835e+00
1.475302e-02  8.510909e-04  5.832662e-02  3.780496e+00  9.975885e-01  4.103377e-02  9.767139e+00  6.372100e+04  5.472400e+04  1.588500e+04  2.014091e-01  2.213219e+00  1.731311e+00  1.381980e+00
2.902403e-02  6.858763e-03  8.364791e-02  1.323815e+00  9.809930e-01  3.925580e-02  9.694374e+00  8.172300e+04  8.601800e+04  6.499200e+04  4.762661e-01  2.917008e+00  3.854893e+01  1.398073e+01
1.324933e-02  7.478445e-05  9.650826e-02  1.992748e+00  9.290594e-01  3.623942e-02  9.557055e+00  7.051700e+04  4.251900e+04  8.674900e+04  9.948180e-02  7.378461e+00  3.968390e-01  2.624927e+00
2.359867e-02  7.930744e-04  5.047335e-02  1.329887e+00  9.393977e-01  4.964927e-02  4.050986e+00  5.306400e+04  7.090000e+04  2.959000e+03  3.154404e-01  4.562055e+00  7.569146e-01  1.878137e+00
2.580074e-02  1.279652e-03  5.555085e-02  1.002097e+00  9.944429e-01  2.265851e-02  6.267035e+00  3.828000e+03  4.478800e+04  5.180000e+04  2.685516e-01  4.379944e+00  1.071011e+01  5.119536e+00
6.088408e-04  6.715527e-05  7.610937e-02  2.960840e+00  8.878285e-01  4.885062e-02  3.254193e+00  7.395000e+03  7.697000e+04  4.916500e+04  7.957098e-01  7.662429e-01  9.863515e-01  8.494347e-01
1.831714e-02  2.981214e-02  5.140159e-02  1.759645e+00  9.895037e-01  4.948827e-02  8.016604e+00  2.112100e+04  9.728600e+04  7.751200e+04  5.262856e-01  1.598265e+00  3.408605e+01  1.207020e+01
1.830700e-02  9.258143e-04  9.886828e-02  1.008196e+00  9.973028e-01  1.931856e-02  1.214126e+00  3.526600e+04  6.248400e+04  7.082600e+04  1.844528e+00  2.314634e+01  6.238672e+00  1.040985e+01
2.845311e-02  2.210926e-02  6.589651e-02  1.041926e+00  7.925750e-01  4.999113e-02  2.064117e+00  3.667000e+03  1.532600e+04  2.124000e+03  1.800319e-01  1.115280e+01  3.156241e+01  1.429841e+01
2.626611e-02  1.667398e-04  8.260664e-02  4.533406e+00  7.427278e-01  4.985114e-02  8.210307e+00  4.889600e+04  2.600200e+04  6.854200e+04  1.221635e+00  6.024683e+01  1.332598e+01  2.493148e+01
2.598019e-02  2.698827e-02  8.219715e-02  1.146114e+00  9.978229e-01  4.256102e-02  7.423955e+00  3.892200e+04  4.818500e+04  8.299500e+04  5.836343e-01  1.321005e+00  3.882256e+01  1.357573e+01
2.066963e-02  5.964008e-05  8.037804e-02  1.137960e+00  9.654040e-01  4.697793e-02  9.855404e+00  2.309800e+04  9.444100e+04  9.842000e+03  2.146102e-01  1.020009e+01  1.676099e-02  3.477153e+00
1.189659e-02  1.739986e-05  5.153717e-02  1.334186e+00  9.659421e-01  3.305173e-02  6.245002e+00  2.923800e+04  5.416100e+04  9.066800e+04  2.433126e-01  1.280327e+00  9.679093e-01  8.305163e-01
5.677344e-03  2.449570e-04  9.134491e-02  1.025572e+00  6.994326e-01  3.037720e-02  2.565941e+00  7.914500e+04  4.001100e+04  2.058200e+04  1.081267e+00  1.348407e+01  5.834296e+00  6.799877e+00
1.823350e-02  3.645276e-03  5.220514e-02  1.762621e+00  7.063377e-01  4.982933e-02  1.685740e+00  4.628700e+04  5.391600e+04  3.369300e+04  1.829835e+00  3.292252e+01  1.704917e+01  1.726718e+01
2.530519e-02  3.218190e-04  9.179393e-02  1.139879e+00  8.289800e-01  3.152449e-02  9.453417e+00  3.591700e+04  9.256500e+04  8.997200e+04  6.287830e-02  1.971868e+01  1.820494e+01  1.266217e+01
9.607162e-04  5.251267e-05  6.296976e-02  1.976843e+00  9.995316e-01  3.449590e-02  9.529530e+00  8.645000e+04  9.658200e+04  9.120800e+04  5.343171e-01  9.369641e-01  9.909675e-01  8.207496e-01
5.769893e-03  2.268342e-05  6.903547e-02  1.019606e+00  9.951598e-01  1.769888e-02  8.542212e+00  1.462600e+04  5.422100e+04  4.155100e+04  4.346418e-01  2.273038e+00  8.101424e-01  1.172608e+00
2.365192e-03  2.967633e-02  7.541448e-02  1.129895e+00  6.799130e-01  2.518682e-02  1.307237e+00  7.389600e+04  5.850600e+04  4.715800e+04  1.033253e+00  3.924521e+01  9.751252e+01  4.593033e+01
5.024273e-04  2.888734e-05  8.039592e-02  1.139072e+00  9.840571e-01  3.962277e-02  8.539468e+00  6.522200e+04  7.317000e+04  6.055900e+04  5.965501e-01  9.615687e-01  9.961136e-01  8.514108e-01
2.763651e-02  2.968296e-02  5.568006e-02  1.073379e+00  9.988977e-01  4.050214e-02  1.493591e+00  9.636400e+04  8.348500e+04  3.496200e+04  4.777265e-01  1.177538e+01  2.217929e+01  1.147747e+01
5.828095e-03  1.434481e-04  6.702002e-02  1.089572e+00  7.980600e-01  4.148782e-02  9.747894e+00  7.262800e+04  7.859400e+04  5.686200e+04  3.935145e-01  1.562099e+00  6.719535e-02  6.742697e-01
3.443624e-03  1.243643e-03  8.952151e-02  1.481192e+00  9.983063e-01  4.988037e-02  2.734767e+00  6.532300e+04  1.803900e+04  1.876600e+04  4.360094e-01  1.871689e-01  7.776157e-01  4.669314e-01
2.927042e-02  1.447411e-02  8.129695e-02  1.103520e+00  9.855184e-01  4.846797e-02  9.953617e+00  5.372000e+03  3.015700e+04  5.269500e+04  6.075151e-01  1.364780e+00  3.378843e+01  1.192024e+01
3.824854e-03  1.434566e-03  6.019996e-02  1.869123e+00  9.970392e-01  9.279866e-03  1.264070e+00  7.753800e+04  7.591000e+03  9.253000e+04  2.426978e+00  1.106136e+01  5.485257e+00  6.324532e+00
5.270544e-04  2.015319e-04  6.684655e-02  3.768417e+00  9.767366e-01  4.953313e-02  7.908939e+00  9.490300e+04  8.327900e+04  2.785500e+04  2.505146e-01  9.508923e-01  9.679063e-01  7.231044e-01
1.757899e-03  1.238061e-03  9.792736e-02  1.555278e+00  5.429590e-01  4.020313e-02  1.884271e+00  5.952600e+04  5.602500e+04  9.532000e+04  1.283328e+00  4.229668e+01  2.813537e+01  2.390513e+01
8.140952e-03  2.994505e-02  5.504172e-02  1.224498e+00  2.688566e-01  3.772781e-02  1.017959e+00  3.946000e+03  7.552100e+04  9.130400e+04  3.099333e+00  1.577816e+02  5.766964e+01  7.285018e+01
4.463451e-03  2.446612e-04  9.712691e-02  1.159965e+00  9.961817e-01  2.618035e-02  5.258508e+00  2.025000e+04  3.238000e+04  7.292400e+04  2.464568e-01  3.296536e-01  4.235238e-01  3.332114e-01
2.505843e-02  2.262048e-04  6.322608e-02  1.046879e+00  9.967016e-01  2.828213e-02  9.912064e+00  4.385600e+04  1.066100e+04  4.156400e+04  8.701021e-02  1.683465e+01  3.456254e+00  6.792639e+00
6.276229e-03  2.278715e-04  5.075785e-02  1.113541e+00  8.850106e-01  4.993339e-02  8.738588e+00  8.123300e+04  3.574000e+04  4.900600e+04  5.022509e-01  2.537204e-01  8.297597e-01  5.285770e-01
2.675797e-03  2.627021e-04  5.217588e-02  3.010748e+00  9.848326e-01  4.965931e-02  2.034675e+00  8.667200e+04  5.908300e+04  6.081200e+04  1.651541e+00  3.691414e-01  9.711832e-01  9.972885e-01
4.058422e-03  3.149385e-03  9.508996e-02  1.060576e+00  8.262268e-01  4.999810e-02  2.361398e+00  8.330000e+02  7.851800e+04  2.458700e+04  NaN  NaN  NaN  NaN
4.132421e-03  2.905178e-02  9.914754e-02  1.934804e+00  5.305677e-01  4.979365e-02  1.624010e+00  7.167300e+04  3.888100e+04  1.827900e+04  1.234760e+00  4.785561e+01  5.508833e+01  3.472623e+01
3.970147e-03  5.700534e-05  5.521397e-02  3.153473e+00  9.963260e-01  4.774374e-02  4.681436e+00  5.158400e+04  2.832200e+04  1.071000e+04  NaN  NaN  NaN  NaN
