0.000000e+00  0.000000e+00  0.000000e+00  1.388453e+00  9.321873e-01  1.190073e-03  2.672066e+00  3.241200e+04  7.850000e+02  9.383100e+04  4.875335e-01  7.718868e-01  1.000000e+00  4.875335e-01
0.000000e+00  0.000000e+00  0.000000e+00  3.463503e+00  3.128589e-01  2.239710e-02  2.640845e+00  6.383500e+04  5.194700e+04  1.397900e+04  3.916295e+00  5.518923e-01  1.000000e+00  3.916295e+00
0.000000e+00  0.000000e+00  0.000000e+00  2.478594e+00  6.516817e-01  3.706151e-02  4.519531e+00  1.348600e+04  6.743900e+04  9.301400e+04  5.268567e-01  9.729813e-01  1.000000e+00  5.268567e-01
0.000000e+00  0.000000e+00  0.000000e+00  1.606946e+00  8.130794e-01  1.044500e-02  3.188391e+00  9.730100e+04  7.104400e+04  3.614100e+04  5.117525e-01  9.062454e-01  1.000000e+00  5.117525e-01
0.000000e+00  0.000000e+00  0.000000e+00  2.836959e+00  6.500645e-01  4.300595e-02  6.129805e+00  3.569500e+04  1.897100e+04  3.684600e+04  1.851667e-01  9.871806e-01  1.000000e+00  1.851667e-01
0.000000e+00  0.000000e+00  0.000000e+00  1.977222e+00  4.387244e-01  1.292892e-02  2.923863e+00  3.421100e+04  6.070600e+04  5.348900e+04  1.921369e+00  5.903826e-01  1.000000e+00  1.921369e+00
0.000000e+00  0.000000e+00  0.000000e+00  4.756772e+00  4.957910e-01  3.983271e-02  2.609742e+00  6.539700e+04  2.620700e+04  9.624600e+04  3.074340e+00  8.481613e-01  1.000000e+00  3.074340e+00
0.000000e+00  0.000000e+00  0.000000e+00  3.915198e+00  9.567778e-01  4.111927e-02  9.355624e+00  7.101100e+04  4.429100e+04  3.971900e+04  3.525324e-01  9.989899e-01  1.000000e+00  3.525324e-01
0.000000e+00  0.000000e+00  0.000000e+00  1.070214e+00  7.485188e-01  3.987219e-02  6.425074e+00  7.909000e+04  2.693600e+04  4.063900e+04  3.313396e-01  9.988034e-01  1.000000e+00  3.313396e-01
0.000000e+00  0.000000e+00  0.000000e+00  1.350431e+00  9.183514e-01  4.169720e-02  2.114485e+00  6.523100e+04  9.806900e+04  9.821300e+04  8.740584e-01  9.737995e-01  1.000000e+00  8.740584e-01
0.000000e+00  0.000000e+00  0.000000e+00  2.231877e+00  8.108284e-01  1.151552e-02  5.389314e+00  1.454200e+04  6.426500e+04  3.249900e+04  3.092502e-02  9.408125e-01  1.000000e+00  3.092502e-02
0.000000e+00  0.000000e+00  0.000000e+00  2.132162e+00  2.556439e-01  3.023145e-02  5.345276e+00  3.414200e+04  6.595600e+04  9.603600e+04  1.366317e+00  5.869766e-01  1.000000e+00  1.366317e+00
0.000000e+00  0.000000e+00  0.000000e+00  1.321429e+00  4.268420e-01  4.886718e-02  7.476421e+00  5.706800e+04  4.100000e+04  5.992600e+04  1.843254e-03  9.943995e-01  1.000000e+00  1.843254e-03
0.000000e+00  0.000000e+00  0.000000e+00  1.258824e+00  4.265242e-01  4.851896e-03  5.553160e+00  2.005100e+04  9.986900e+04  8.445900e+04  3.298716e-01  6.712787e-01  1.000000e+00  3.298716e-01
0.000000e+00  0.000000e+00  0.000000e+00  1.386229e+00  8.884447e-01  3.363747e-02  4.002634e+00  8.486300e+04  6.759600e+04  8.795800e+04  3.436185e-02  9.960330e-01  1.000000e+00  3.436185e-02
0.000000e+00  0.000000e+00  0.000000e+00  2.478705e+00  3.558152e-01  3.015348e-02  6.418745e+00  9.750000e+02  4.432300e+04  6.220000e+04  6.615598e-01  7.951853e-01  1.000000e+00  6.615598e-01
0.000000e+00  0.000000e+00  0.000000e+00  4.024364e+00  5.703700e-01  4.688585e-02  5.850753e+00  3.874900e+04  7.266000e+04  8.998400e+04  5.538794e-01  9.495316e-01  1.000000e+00  5.538794e-01
0.000000e+00  0.000000e+00  0.000000e+00  4.805047e+00  6.713764e-01  1.570293e-02  1.131256e+00  3.167400e+04  2.194300e+04  9.334300e+04  6.636080e+00  7.150550e-01  1.000000e+00  6.636080e+00
0.000000e+00  0.000000e+00  0.000000e+00  1.228859e+00  8.156341e-01  1.730563e-02  8.002074e+00  3.782000e+03  1.526600e+04  1.986000e+03  4.725446e-01  9.990232e-01  1.000000e+00  4.725446e-01
0.000000e+00  0.000000e+00  0.000000e+00  1.228859e+00  8.156341e-01  1.730563e-02  8.002074e+00  7.662400e+04  9.653600e+04  9.843300e+04  4.725446e-01  9.990232e-01  1.000000e+00  4.725446e-01
0.000000e+00  0.000000e+00  0.000000e+00  1.757875e+00  6.118651e-01  4.023446e-02  7.188766e+00  8.954700e+04  6.222300e+04  4.530000e+04  1.218781e-01  9.968188e-01  1.000000e+00  1.218781e-01
0.000000e+00  0.000000e+00  0.000000e+00  2.607739e+00  9.454743e-01  3.253595e-03  9.145595e+00  8.608200e+04  2.904100e+04  2.788500e+04  4.336561e-01  9.810761e-01  1.000000e+00  4.336561e-01
0.000000e+00  0.000000e+00  0.000000e+00  1.999215e+00  4.423948e-01  2.714201e-02  2.162031e+00  7.246900e+04  3.819500e+04  1.527200e+04  2.937534e+00  8.391441e-01  1.000000e+00  2.937534e+00
0.000000e+00  0.000000e+00  0.000000e+00  4.359940e+00  4.801279e-01  1.658417e-02  4.935737e+00  9.495300e+04  2.638900e+04  1.577600e+04  1.140528e+00  5.529835e-01  1.000000e+00  1.140528e+00
0.000000e+00  0.000000e+00  0.000000e+00  4.358807e+00  8.958621e-01  4.131585e-03  8.660048e+00  7.185200e+04  6.458000e+04  1.446200e+04  2.269631e-01  8.988534e-01  1.000000e+00  2.269631e-01
0.000000e+00  0.000000e+00  0.000000e+00  1.022399e+00  5.785245e-01  2.624839e-02  9.898393e+00  4.618900e+04  3.692300e+04  7.850400e+04  4.681153e-01  9.992188e-01  1.000000e+00  4.681153e-01
0.000000e+00  0.000000e+00  0.000000e+00  3.166459e+00  6.813056e-01  2.433084e-02  6.040970e+00  2.873000e+04  1.776600e+04  4.932200e+04  2.116744e-01  9.424645e-01  1.000000e+00  2.116744e-01
0.000000e+00  0.000000e+00  0.000000e+00  3.166459e+00  6.813056e-01  2.433084e-02  6.040970e+00  9.600900e+04  9.145300e+04  8.676100e+04  2.116744e-01  9.424645e-01  1.000000e+00  2.116744e-01
0.000000e+00  0.000000e+00  0.000000e+00  1.803990e+00  4.938066e-01  3.392870e-02  6.202868e+00  3.523200e+04  2.295000e+04  4.470100e+04  2.155252e-01  9.683054e-01  1.000000e+00  2.155252e-01
0.000000e+00  0.000000e+00  0.000000e+00  4.751410e+00  4.146125e-01  2.140392e-02  8.083420e+00  3.124000e+04  6.071600e+04  2.231600e+04  4.783413e-01  6.741409e-01  1.000000e+00  4.783413e-01
0.000000e+00  0.000000e+00  0.000000e+00  1.932416e+00  7.726368e-01  2.830513e-02  7.772416e+00  3.137700e+04  3.073300e+04  6.538200e+04  3.030223e-01  9.979740e-01  1.000000e+00  3.030223e-01
0.000000e+00  0.000000e+00  0.000000e+00  4.714815e+00  8.832072e-01  3.211032e-02  9.580740e+00  4.686600e+04  8.276000e+03  1.702200e+04  2.756732e-01  9.957909e-01  1.000000e+00  2.756732e-01
0.000000e+00  0.000000e+00  0.000000e+00  4.107066e+00  3.576369e-01  2.360488e-02  7.813931e+00  6.733800e+04  2.778600e+04  2.873500e+04  6.068815e-01  6.305308e-01  1.000000e+00  6.068815e-01
0.000000e+00  0.000000e+00  0.000000e+00  4.852215e+00  8.793151e-01  4.683484e-02  2.082546e+00  6.667000e+03  1.895900e+04  7.307400e+04  2.408444e+00  9.569052e-01  1.000000e+00  2.408444e+00
0.000000e+00  0.000000e+00  0.000000e+00  4.664414e+00  5.852677e-01  2.708260e-02  1.640952e+00  6.814800e+04  8.328600e+04  7.620000e+04  4.740945e+00  8.366785e-01  1.000000e+00  4.740945e+00
0.000000e+00  0.000000e+00  0.000000e+00  2.059581e+00  9.391774e-01  4.171118e-02  3.786190e+00  8.356000e+03  6.431800e+04  5.963800e+04  2.469462e-01  9.941598e-01  1.000000e+00  2.469462e-01
0.000000e+00  0.000000e+00  0.000000e+00  4.257662e+00  8.809474e-01  7.571752e-03  4.320330e+00  7.526000e+03  1.900000e+04  9.235700e+04  5.643170e-01  7.290825e-01  1.000000e+00  5.643170e-01
0.000000e+00  0.000000e+00  0.000000e+00  2.990042e+00  3.922324e-01  1.670967e-02  2.987903e+00  9.459800e+04  3.693500e+04  3.236100e+04  2.568766e+00  5.106250e-01  1.000000e+00  2.568766e+00
0.000000e+00  0.000000e+00  0.000000e+00  1.127131e+00  7.762261e-01  4.190774e-02  4.318252e+00  4.917400e+04  6.435300e+04  5.950800e+04  1.262137e-02  9.964069e-01  1.000000e+00  1.262137e-02
0.000000e+00  0.000000e+00  0.000000e+00  1.318324e+00  5.168543e-01  3.058646e-02  3.391354e+00  8.467300e+04  7.553800e+04  6.472200e+04  9.079579e-01  9.546472e-01  1.000000e+00  9.079579e-01
0.000000e+00  0.000000e+00  0.000000e+00  3.069825e+00  6.874359e-01  9.794522e-03  6.724338e+00  2.031000e+03  3.689800e+04  7.397300e+04  6.939455e-02  8.608176e-01  1.000000e+00  6.939455e-02
0.000000e+00  0.000000e+00  0.000000e+00  2.273436e+00  6.938148e-01  1.483645e-02  6.247932e+00  7.285100e+04  1.363600e+04  6.309100e+04  1.617129e-02  9.425526e-01  1.000000e+00  1.617129e-02
0.000000e+00  0.000000e+00  0.000000e+00  3.095843e+00  7.371225e-01  1.353552e-02  8.303242e+00  1.700100e+04  3.007100e+04  8.125200e+04  1.795582e-01  9.569501e-01  1.000000e+00  1.795582e-01
0.000000e+00  0.000000e+00  0.000000e+00  1.557188e+00  5.988926e-01  5.928323e-04  2.451764e+00  9.843100e+04  4.295900e+04  1.125300e+04  1.516995e+00  3.069344e-01  1.000000e+00  1.516995e+00
0.000000e+00  0.000000e+00  0.000000e+00  4.064188e+00  7.894114e-01  1.447832e-02  9.861927e+00  7.124200e+04  8.841500e+04  4.009500e+04  2.749082e-01  9.716138e-01  1.000000e+00  2.749082e-01
0.000000e+00  0.000000e+00  0.000000e+00  2.853397e+00  5.166632e-01  1.220733e-02  5.233944e+00  5.362500e+04  1.661100e+04  9.682700e+04  6.544771e-01  6.830529e-01  1.000000e+00  6.544771e-01
0.000000e+00  0.000000e+00  0.000000e+00  1.053695e+00  8.100161e-01  3.919898e-02  9.931104e+00  9.944500e+04  7.122500e+04  5.486200e+04  6.039625e-01  9.997717e-01  1.000000e+00  6.039625e-01
0.000000e+00  0.000000e+00  0.000000e+00  3.331012e+00  9.522394e-01  3.722301e-02  5.750940e+00  1.968400e+04  7.505700e+04  8.740000e+02  4.247493e-03  9.958864e-01  1.000000e+00  4.247493e-03
0.000000e+00  0.000000e+00  0.000000e+00  3.755329e+00  4.835847e-01  3.979450e-02  7.483323e+00  7.035100e+04  7.027900e+04  5.145300e+04  3.285284e-01  9.249064e-01  1.000000e+00  3.285284e-01
0.000000e+00  0.000000e+00  0.000000e+00  1.069610e+00  3.770641e-01  4.337009e-02  2.734031e+00  2.120100e+04  1.990100e+04  7.022500e+04  1.781351e+00  9.547851e-01  1.000000e+00  1.781351e+00
0.000000e+00  0.000000e+00  0.000000e+00  1.022919e+00  4.725225e-01  2.164564e-04  7.824564e+00  6.341000e+04  9.087200e+04  9.334400e+04  1.976447e-01  8.284919e-01  1.000000e+00  1.976447e-01
0.000000e+00  0.000000e+00  0.000000e+00  1.045369e+00  9.968288e-01  2.309496e-02  4.678645e+00  2.656300e+04  4.141200e+04  1.687400e+04  3.176031e-01  9.984121e-01  1.000000e+00  3.176031e-01
0.000000e+00  0.000000e+00  0.000000e+00  4.992231e+00  9.917397e-01  7.136524e-04  6.293744e+00  4.414100e+04  3.496300e+04  8.647900e+04  4.154081e-02  7.032668e-01  1.000000e+00  4.154081e-02
0.000000e+00  0.000000e+00  0.000000e+00  4.901078e+00  2.684485e-01  4.390359e-02  9.999731e+00  3.814000e+04  3.593400e+04  5.298400e+04  5.866552e-01  6.581890e-01  1.000000e+00  5.866552e-01
0.000000e+00  0.000000e+00  0.000000e+00  1.115477e+00  2.539079e-01  4.413080e-02  8.908563e+00  2.229500e+04  4.260000e+02  6.155700e+04  1.416520e-01  9.546036e-01  1.000000e+00  1.416520e-01
0.000000e+00  0.000000e+00  0.000000e+00  1.027981e+00  9.679702e-01  4.833740e-02  3.102875e+00  7.528200e+04  6.330900e+04  8.810200e+04  5.321746e-02  9.931473e-01  1.000000e+00  5.321746e-02
0.000000e+00  0.000000e+00  0.000000e+00  4.979128e+00  9.581996e-01  4.710577e-02  5.709570e+00  1.267800e+04  5.989600e+04  7.409100e+04  1.724148e-01  9.937958e-01  1.000000e+00  1.724148e-01
0.000000e+00  0.000000e+00  0.000000e+00  1.002152e+00  7.195576e-01  4.547460e-02  5.301945e+00  7.443300e+04  4.746000e+04  3.114000e+04  1.836825e-01  9.978473e-01  1.000000e+00  1.836825e-01
0.000000e+00  0.000000e+00  0.000000e+00  4.996926e+00  9.796979e-01  3.979805e-02  7.032875e+00  8.665600e+04  9.242100e+04  4.732000e+04  6.475186e-02  9.951178e-01  1.000000e+00  6.475186e-02
0.000000e+00  0.000000e+00  0.000000e+00  1.010593e+00  9.111807e-01  4.982605e-02  3.231398e+00  8.779600e+04  6.506700e+04  2.207200e+04  6.819665e-02  9.932392e-01  1.000000e+00  6.819665e-02
0.000000e+00  0.000000e+00  0.000000e+00  1.011890e+00  8.654134e-01  4.951386e-02  3.606725e+00  9.808500e+04  1.691400e+04  9.797400e+04  9.465382e-03  9.947302e-01  1.000000e+00  9.465382e-03
0.000000e+00  0.000000e+00  0.000000e+00  3.179648e+00  5.823330e-01  4.996536e-02  9.103010e+00  8.749800e+04  1.518000e+04  1.626700e+04  1.011882e-01  9.945857e-01  1.000000e+00  1.011882e-01
0.000000e+00  0.000000e+00  0.000000e+00  1.015163e+00  2.516668e-01  4.076317e-02  7.400861e+00  6.372100e+04  5.472400e+04  1.588500e+04  3.425542e-01  9.268802e-01  1.000000e+00  3.425542e-01
0.000000e+00  0.000000e+00  0.000000e+00  2.554133e+00  2.581802e-01  3.998439e-02  9.995960e+00  8.957800e+04  5.449300e+04  8.134100e+04  3.232643e-01  8.266897e-01  1.000000e+00  3.232643e-01
0.000000e+00  0.000000e+00  0.000000e+00  4.957797e+00  9.383985e-01  2.052320e-04  6.762968e+00  7.484200e+04  2.365900e+04  1.399800e+04  9.050437e-03  6.831298e-01  1.000000e+00  9.050437e-03
0.000000e+00  0.000000e+00  0.000000e+00  4.981994e+00  9.858317e-01  1.663192e-04  6.468991e+00  8.992000e+03  3.470000e+02  3.619300e+04  1.730323e-02  6.926856e-01  1.000000e+00  1.730323e-02
0.000000e+00  0.000000e+00  0.000000e+00  4.991291e+00  8.909372e-01  1.307646e-03  6.871646e+00  1.984700e+04  2.509300e+04  5.438100e+04  3.575263e-02  6.924364e-01  1.000000e+00  3.575263e-02
0.000000e+00  0.000000e+00  0.000000e+00  3.378158e+00  9.886298e-01  1.440040e-03  6.355175e+00  1.747700e+04  7.349100e+04  8.326600e+04  1.181642e-01  8.493615e-01  1.000000e+00  1.181642e-01
0.000000e+00  0.000000e+00  0.000000e+00  4.986709e+00  9.632963e-01  9.248948e-05  6.457187e+00  5.306400e+04  7.090000e+04  2.959000e+03  3.829755e-02  6.704496e-01  1.000000e+00  3.829755e-02
0.000000e+00  0.000000e+00  0.000000e+00  4.434635e+00  9.125009e-01  1.007646e-04  6.230903e+00  5.935200e+04  9.001000e+04  2.538100e+04  7.253861e-02  6.540750e-01  1.000000e+00  7.253861e-02
0.000000e+00  0.000000e+00  0.000000e+00  1.782328e+00  4.521924e-01  4.959638e-02  8.495083e+00  7.051700e+04  4.251900e+04  8.674900e+04  6.113219e-02  9.941403e-01  1.000000e+00  6.113219e-02
0.000000e+00  0.000000e+00  0.000000e+00  3.455766e+00  9.905098e-01  5.272740e-04  5.367800e+00  8.172300e+04  8.601800e+04  6.499200e+04  5.423726e-02  7.489707e-01  1.000000e+00  5.423726e-02
0.000000e+00  0.000000e+00  0.000000e+00  1.038276e+00  8.874723e-01  4.923054e-02  3.955692e+00  3.667000e+03  1.532600e+04  2.124000e+03  9.119702e-02  9.961009e-01  1.000000e+00  9.119702e-02
0.000000e+00  0.000000e+00  0.000000e+00  1.000587e+00  7.947193e-01  9.051143e-04  4.202116e+00  3.828000e+03  4.478800e+04  5.180000e+04  5.918238e-02  8.994480e-01  1.000000e+00  5.918238e-02
0.000000e+00  0.000000e+00  0.000000e+00  4.964366e+00  6.647798e-01  4.967510e-02  9.008339e+00  7.395000e+03  7.697000e+04  4.916500e+04  3.024802e-02  9.897718e-01  1.000000e+00  3.024802e-02
0.000000e+00  0.000000e+00  0.000000e+00  4.992484e+00  9.843954e-01  6.142926e-03  7.658714e+00  2.112100e+04  9.728600e+04  7.751200e+04  1.425769e-01  8.981842e-01  1.000000e+00  1.425769e-01
0.000000e+00  0.000000e+00  0.000000e+00  3.292817e+00  9.049101e-01  1.690274e-03  5.741748e+00  3.526600e+04  6.248400e+04  7.082600e+04  4.004462e-02  7.723074e-01  1.000000e+00  4.004462e-02
0.000000e+00  0.000000e+00  0.000000e+00  3.813552e+00  9.130610e-01  7.870017e-04  5.797308e+00  4.889600e+04  2.600200e+04  6.854200e+04  8.556147e-02  7.023602e-01  1.000000e+00  8.556147e-02
0.000000e+00  0.000000e+00  0.000000e+00  4.969511e+00  7.793044e-01  4.972921e-02  8.164187e+00  3.892200e+04  4.818500e+04  8.299500e+04  4.502011e-02  9.944488e-01  1.000000e+00  4.502011e-02
0.000000e+00  0.000000e+00  0.000000e+00  1.007163e+00  8.324545e-01  4.782382e-02  4.003513e+00  2.309800e+04  9.444100e+04  9.842000e+03  5.691062e-02  9.959958e-01  1.000000e+00  5.691062e-02
0.000000e+00  0.000000e+00  0.000000e+00  2.148067e+00  3.935565e-01  7.623332e-03  9.040098e+00  7.914500e+04  4.001100e+04  2.058200e+04  4.578535e-02  7.371237e-01  1.000000e+00  4.578535e-02
0.000000e+00  0.000000e+00  0.000000e+00  4.993611e+00  8.342130e-01  2.275071e-03  7.086271e+00  4.628700e+04  5.391600e+04  3.369300e+04  5.536377e-02  6.940930e-01  1.000000e+00  5.536377e-02
0.000000e+00  0.000000e+00  0.000000e+00  4.068986e+00  9.541724e-01  2.034126e-04  5.897599e+00  2.923800e+04  5.416100e+04  9.066800e+04  5.733517e-02  6.964402e-01  1.000000e+00  5.733517e-02
0.000000e+00  0.000000e+00  0.000000e+00  1.000263e+00  9.847901e-01  4.741337e-02  3.551150e+00  8.645000e+04  9.658200e+04  9.120800e+04  1.101031e-01  9.957671e-01  1.000000e+00  1.101031e-01
0.000000e+00  0.000000e+00  0.000000e+00  2.733298e+00  8.880717e-01  3.747178e-02  5.663556e+00  1.462600e+04  5.422100e+04  4.155100e+04  1.296487e-02  9.963321e-01  1.000000e+00  1.296487e-02
0.000000e+00  0.000000e+00  0.000000e+00  2.623098e+00  8.758299e-01  9.002202e-03  5.646837e+00  7.389600e+04  5.850600e+04  4.715800e+04  1.298990e-02  9.274850e-01  1.000000e+00  1.298990e-02
0.000000e+00  0.000000e+00  0.000000e+00  4.977816e+00  7.130854e-01  1.580606e-02  8.768009e+00  3.591700e+04  9.256500e+04  8.997200e+04  4.890168e-02  9.120964e-01  1.000000e+00  4.890168e-02
0.000000e+00  0.000000e+00  0.000000e+00  2.785888e+00  9.023579e-01  4.794072e-02  5.646990e+00  9.636400e+04  8.348500e+04  3.496200e+04  1.562609e-02  9.972358e-01  1.000000e+00  1.562609e-02
0.000000e+00  0.000000e+00  0.000000e+00  2.689021e+00  8.859539e-01  1.094724e-02  5.599486e+00  7.262800e+04  7.859400e+04  5.686200e+04  4.158838e-03  9.412035e-01  1.000000e+00  4.158838e-03
0.000000e+00  0.000000e+00  0.000000e+00  2.835211e+00  9.154157e-01  3.697386e-02  5.551409e+00  6.532300e+04  1.803900e+04  1.876600e+04  2.950073e-03  9.962214e-01  1.000000e+00  2.950073e-03
0.000000e+00  0.000000e+00  0.000000e+00  2.834609e+00  9.272231e-01  4.870634e-02  5.520168e+00  6.522200e+04  7.317000e+04  6.055900e+04  8.391494e-03  9.971561e-01  1.000000e+00  8.391494e-03
0.000000e+00  0.000000e+00  0.000000e+00  2.063511e+00  4.661618e-01  3.012228e-02  7.896942e+00  7.753800e+04  7.591000e+03  9.253000e+04  4.457435e-02  9.611021e-01  1.000000e+00  4.457435e-02
0.000000e+00  0.000000e+00  0.000000e+00  2.702129e+00  9.766271e-01  2.692305e-02  5.365727e+00  9.490300e+04  8.327900e+04  2.785500e+04  4.290056e-02  9.942280e-01  1.000000e+00  4.290056e-02
0.000000e+00  0.000000e+00  0.000000e+00  2.955618e+00  9.991901e-01  2.987698e-02  5.634484e+00  3.946000e+03  7.552100e+04  9.130400e+04  7.156245e-02  9.957332e-01  1.000000e+00  7.156245e-02
0.000000e+00  0.000000e+00  0.000000e+00  1.995555e+00  2.611671e-01  3.392626e-02  8.426623e+00  5.372000e+03  3.015700e+04  5.269500e+04  4.426850e-01  7.977553e-01  1.000000e+00  4.426850e-01
0.000000e+00  0.000000e+00  0.000000e+00  1.764972e+00  8.690353e-01  3.041975e-02  4.658559e+00  4.385600e+04  1.066100e+04  4.156400e+04  1.344314e-02  9.960135e-01  1.000000e+00  1.344314e-02
0.000000e+00  0.000000e+00  0.000000e+00  1.721217e+00  4.179731e-01  4.002116e-02  7.480086e+00  2.025000e+04  3.238000e+04  7.292400e+04  1.177522e-01  9.745166e-01  1.000000e+00  1.177522e-01
0.000000e+00  0.000000e+00  0.000000e+00  2.577402e+00  8.635605e-01  1.933540e-02  5.713510e+00  8.123300e+04  3.574000e+04  4.900600e+04  2.164878e-02  9.787458e-01  1.000000e+00  2.164878e-02
0.000000e+00  0.000000e+00  0.000000e+00  1.005681e+00  2.733806e-01  3.861166e-02  9.584459e+00  5.952600e+04  5.602500e+04  9.532000e+04  2.880943e-02  9.728479e-01  1.000000e+00  2.880943e-02
0.000000e+00  0.000000e+00  0.000000e+00  1.452150e+00  4.066895e-01  2.365174e-02  9.195797e+00  8.330000e+02  7.851800e+04  2.458700e+04  1.302019e-01  9.676247e-01  1.000000e+00  1.302019e-01
0.000000e+00  0.000000e+00  0.000000e+00  2.490533e+00  9.038835e-01  2.136523e-03  5.102079e+00  7.167300e+04  3.888100e+04  1.827900e+04  4.308773e-02  8.208298e-01  1.000000e+00  4.308773e-02
0.000000e+00  0.000000e+00  0.000000e+00  4.988577e+00  5.809662e-01  4.879892e-02  9.631402e+00  8.667200e+04  5.908300e+04  6.081200e+04  NaN  NaN  NaN  NaN
0.000000e+00  0.000000e+00  0.000000e+00  2.520073e+00  9.063665e-01  2.912009e-02  5.225939e+00  5.158400e+04  2.832200e+04  1.071000e+04  NaN  NaN  NaN  NaN
